4 3 338 200 26 21 -1 -1 -1 -1 
5 3 330 204 29 24 -1 -1 -1 -1 
5 5 365 189 20 16 -1 -1 -1 -1 
6 3 320 208 31 28 -1 -1 -1 -1 
6 5 360 191 22 17 -1 -1 -1 -1 
7 3 320 208 31 28 -1 -1 -1 -1 
8 5 351 194 25 23 -1 -1 -1 -1 
9 5 346 199 26 24 -1 -1 -1 -1 
10 5 338 203 30 28 -1 -1 -1 -1 
11 5 328 207 37 32 -1 -1 -1 -1 
12 5 314 215 43 37 -1 -1 -1 -1 
12 8 362 190 19 16 -1 -1 -1 -1 
13 5 314 215 43 37 -1 -1 -1 -1 
14 8 349 197 24 19 -1 -1 -1 -1 
15 8 342 198 28 23 -1 -1 -1 -1 
16 8 335 204 30 25 -1 -1 -1 -1 
17 8 327 207 33 26 -1 -1 -1 -1 
18 8 317 214 37 30 -1 -1 -1 -1 
18 13 335 171 16 12 -1 -1 -1 -1 
19 8 304 218 44 37 -1 -1 -1 -1 
20 8 304 218 44 37 -1 -1 -1 -1 
21 13 330 170 17 16 -1 -1 -1 -1 
22 13 330 170 17 16 -1 -1 -1 -1 
24 13 322 175 19 15 -1 -1 -1 -1 
25 13 320 175 20 15 -1 -1 -1 -1 
31 13 310 184 17 13 -1 -1 -1 -1 
39 13 280 193 22 19 -1 -1 -1 -1 
40 13 276 196 22 17 -1 -1 -1 -1 
41 13 272 197 24 19 -1 -1 -1 -1 
42 13 272 197 24 19 -1 -1 -1 -1 
43 23 422 259 33 37 -1 -1 -1 -1 
44 23 422 259 33 37 -1 -1 -1 -1 
45 13 249 206 28 22 -1 -1 -1 -1 
46 13 241 210 31 21 -1 -1 -1 -1 
47 13 232 213 35 24 -1 -1 -1 -1 
48 13 228 216 32 21 -1 -1 -1 -1 
49 13 215 220 35 20 -1 -1 -1 -1 
50 13 208 225 34 20 -1 -1 -1 -1 
51 13 195 230 39 20 -1 -1 -1 -1 
52 13 195 230 39 20 -1 -1 -1 -1 
54 25 431 386 65 93 -1 -1 -1 -1 
55 25 433 423 67 56 -1 -1 -1 -1 
56 25 436 444 65 35 -1 -1 -1 -1 
81 32 254 217 67 72 -1 -1 -1 -1 
129 39 429 214 19 19 -1 -1 -1 -1 
130 39 428 216 22 21 -1 -1 -1 -1 
131 39 430 218 19 21 -1 -1 -1 -1 
132 39 428 220 22 22 -1 -1 -1 -1 
133 39 430 219 20 24 -1 -1 -1 -1 
134 39 430 221 21 24 -1 -1 -1 -1 
136 39 432 223 21 30 -1 -1 -1 -1 
140 40 433 238 27 30 -1 -1 -1 -1 
141 40 436 242 25 29 -1 -1 -1 -1 
142 40 435 244 28 30 -1 -1 -1 -1 
143 40 436 248 28 31 -1 -1 -1 -1 
144 40 439 251 27 33 -1 -1 -1 -1 
145 40 440 254 27 34 -1 -1 -1 -1 
146 40 442 256 26 38 -1 -1 -1 -1 
148 40 442 264 29 41 -1 -1 -1 -1 
149 40 442 264 29 41 -1 -1 -1 -1 
153 43 303 182 18 16 -1 -1 -1 -1 
155 43 297 186 18 15 -1 -1 -1 -1 
156 43 297 186 18 15 -1 -1 -1 -1 
157 43 297 186 18 15 -1 -1 -1 -1 
158 43 295 185 19 16 -1 -1 -1 -1 
159 43 290 187 19 16 -1 -1 -1 -1 
162 43 268 196 25 18 -1 -1 -1 -1 
163 43 260 199 25 19 -1 -1 -1 -1 
164 43 260 199 25 19 -1 -1 -1 -1 
165 45 453 363 53 85 -1 -1 -1 -1 
169 50 191 225 41 27 -1 -1 -1 -1 
170 50 177 230 43 30 -1 -1 -1 -1 
171 50 166 235 45 31 -1 -1 -1 -1 
172 50 151 244 45 30 -1 -1 -1 -1 
173 50 133 249 50 32 -1 -1 -1 -1 
174 50 110 259 52 36 -1 -1 -1 -1 
175 50 90 269 54 36 -1 -1 -1 -1 
219 54 284 187 20 14 -1 -1 -1 -1 
