19 7 230 205 24 18 -1 -1 -1 -1 
20 7 218 207 30 21 -1 -1 -1 -1 
21 7 207 211 30 24 -1 -1 -1 -1 
22 7 194 217 34 24 -1 -1 -1 -1 
23 7 183 222 34 25 -1 -1 -1 -1 
24 7 170 225 36 26 -1 -1 -1 -1 
25 7 156 232 39 29 -1 -1 -1 -1 
26 7 138 240 44 30 -1 -1 -1 -1 
27 7 120 244 47 36 -1 -1 -1 -1 
28 7 99 254 51 36 -1 -1 -1 -1 
29 7 78 263 54 38 -1 -1 -1 -1 
30 7 56 272 57 43 -1 -1 -1 -1 
31 7 21 283 62 53 -1 -1 -1 -1 
31 9 229 197 35 21 -1 -1 -1 -1 
32 7 0 298 57 54 -1 -1 -1 -1 
32 9 223 202 30 20 -1 -1 -1 -1 
33 7 0 298 57 54 -1 -1 -1 -1 
34 9 202 209 34 23 -1 -1 -1 -1 
60 13 354 196 19 17 -1 -1 -1 -1 
61 13 349 198 21 18 -1 -1 -1 -1 
62 13 340 200 27 21 -1 -1 -1 -1 
63 13 336 205 27 21 -1 -1 -1 -1 
64 13 328 207 30 25 -1 -1 -1 -1 
65 13 321 214 32 26 -1 -1 -1 -1 
66 13 312 217 35 31 -1 -1 -1 -1 
67 13 294 225 44 36 -1 -1 -1 -1 
