28 4 364 184 18 16 -1 -1 -1 -1 
29 4 363 184 17 18 -1 -1 -1 -1 
30 4 360 187 17 18 -1 -1 -1 -1 
30 6 239 207 32 24 -1 -1 -1 -1 
31 4 358 188 18 19 -1 -1 -1 -1 
31 6 228 213 34 22 -1 -1 -1 -1 
32 4 350 192 24 18 -1 -1 -1 -1 
33 4 347 194 24 20 -1 -1 -1 -1 
33 6 200 226 38 23 -1 -1 -1 -1 
34 4 341 195 26 23 -1 -1 -1 -1 
34 6 181 231 45 29 -1 -1 -1 -1 
35 4 339 199 26 24 -1 -1 -1 -1 
35 6 181 231 45 29 -1 -1 -1 -1 
36 4 331 202 30 26 -1 -1 -1 -1 
37 4 326 205 31 28 -1 -1 -1 -1 
38 4 320 210 32 30 -1 -1 -1 -1 
39 4 300 216 43 39 -1 -1 -1 -1 
40 4 300 216 43 39 -1 -1 -1 -1 
133 29 272 194 23 18 -1 -1 -1 -1 
134 29 262 197 26 19 -1 -1 -1 -1 
135 29 256 200 25 20 -1 -1 -1 -1 
136 29 246 203 30 21 -1 -1 -1 -1 
137 29 235 209 30 21 -1 -1 -1 -1 
138 29 220 214 33 23 -1 -1 -1 -1 
139 29 207 217 35 27 -1 -1 -1 -1 
