14 5 337 172 15 11 -1 -1 -1 -1 
15 5 334 175 17 11 -1 -1 -1 -1 
16 5 330 175 19 12 -1 -1 -1 -1 
18 5 324 177 20 13 -1 -1 -1 -1 
19 5 321 178 21 13 -1 -1 -1 -1 
20 5 318 178 23 14 -1 -1 -1 -1 
21 5 318 180 21 14 -1 -1 -1 -1 
22 5 316 181 21 14 -1 -1 -1 -1 
27 5 298 186 31 16 -1 -1 -1 -1 
29 5 302 190 21 15 -1 -1 -1 -1 
54 17 426 219 23 23 -1 -1 -1 -1 
55 17 427 222 24 27 -1 -1 -1 -1 
56 17 427 225 26 31 -1 -1 -1 -1 
57 17 427 234 29 27 -1 -1 -1 -1 
58 17 428 236 29 33 -1 -1 -1 -1 
59 17 430 242 28 33 -1 -1 -1 -1 
60 17 431 245 30 39 -1 -1 -1 -1 
61 17 431 245 30 39 -1 -1 -1 -1 
64 22 435 264 37 57 -1 -1 -1 -1 
65 22 435 264 37 57 -1 -1 -1 -1 
73 28 448 367 72 105 -1 -1 -1 -1 
74 28 451 379 78 100 -1 -1 -1 -1 
75 28 454 393 81 85 -1 -1 -1 -1 
181 44 168 218 40 27 -1 -1 -1 -1 
182 44 156 226 37 27 -1 -1 -1 -1 
183 44 135 231 46 29 -1 -1 -1 -1 
184 44 116 236 50 33 -1 -1 -1 -1 
185 44 96 242 52 39 -1 -1 -1 -1 
186 44 77 253 52 36 -1 -1 -1 -1 
187 44 49 262 58 43 -1 -1 -1 -1 
188 44 22 269 61 51 -1 -1 -1 -1 
189 44 0 280 57 56 -1 -1 -1 -1 
223 52 260 198 27 20 -1 -1 -1 -1 
224 52 256 200 28 21 -1 -1 -1 -1 
225 52 251 202 28 21 -1 -1 -1 -1 
226 52 244 204 31 23 -1 -1 -1 -1 
227 52 236 208 32 23 -1 -1 -1 -1 
228 52 229 210 33 23 -1 -1 -1 -1 
229 52 222 211 35 24 -1 -1 -1 -1 
230 52 215 214 37 24 -1 -1 -1 -1 
231 52 207 216 38 26 -1 -1 -1 -1 
232 52 195 221 44 26 -1 -1 -1 -1 
233 52 193 222 42 27 -1 -1 -1 -1 
234 52 180 224 45 32 -1 -1 -1 -1 
235 52 173 229 44 33 -1 -1 -1 -1 
236 52 153 235 51 37 -1 -1 -1 -1 
237 52 143 239 50 35 -1 -1 -1 -1 
238 52 126 245 54 39 -1 -1 -1 -1 
239 52 108 251 62 41 -1 -1 -1 -1 
240 52 94 256 64 43 -1 -1 -1 -1 
241 52 81 264 63 44 -1 -1 -1 -1 
242 52 47 274 72 51 -1 -1 -1 -1 
242 54 257 191 30 17 -1 -1 -1 -1 
243 52 28 281 71 58 -1 -1 -1 -1 
243 54 252 192 29 19 -1 -1 -1 -1 
243 55 295 187 26 17 -1 -1 -1 -1 
244 52 28 281 71 58 -1 -1 -1 -1 
244 54 237 194 35 22 -1 -1 -1 -1 
244 55 294 189 25 16 -1 -1 -1 -1 
245 54 231 198 33 22 -1 -1 -1 -1 
245 55 292 189 20 15 -1 -1 -1 -1 
245 56 323 181 19 16 -1 -1 -1 -1 
246 54 220 202 34 23 -1 -1 -1 -1 
246 55 286 190 26 17 -1 -1 -1 -1 
247 54 207 206 35 25 -1 -1 -1 -1 
247 55 282 194 24 16 -1 -1 -1 -1 
248 54 194 210 38 27 -1 -1 -1 -1 
248 55 279 196 21 16 -1 -1 -1 -1 
249 54 173 218 45 29 -1 -1 -1 -1 
249 55 273 198 24 16 -1 -1 -1 -1 
250 54 150 224 50 31 -1 -1 -1 -1 
250 55 265 201 26 17 -1 -1 -1 -1 
251 54 133 230 56 34 -1 -1 -1 -1 
251 55 259 202 26 20 -1 -1 -1 -1 
252 54 114 237 58 37 -1 -1 -1 -1 
252 55 253 206 24 18 -1 -1 -1 -1 
253 54 114 237 58 37 -1 -1 -1 -1 
253 55 244 209 27 21 -1 -1 -1 -1 
254 55 234 211 29 24 -1 -1 -1 -1 
255 55 223 215 35 25 -1 -1 -1 -1 
255 56 384 191 20 14 -1 -1 -1 -1 
256 55 212 217 38 26 -1 -1 -1 -1 
256 56 383 192 20 16 -1 -1 -1 -1 
257 55 203 223 36 24 -1 -1 -1 -1 
257 56 381 196 23 16 -1 -1 -1 -1 
258 55 190 227 43 25 -1 -1 -1 -1 
258 56 381 197 21 20 -1 -1 -1 -1 
259 55 178 231 46 29 -1 -1 -1 -1 
259 56 377 199 24 21 -1 -1 -1 -1 
260 55 166 238 44 28 -1 -1 -1 -1 
260 56 374 204 25 23 -1 -1 -1 -1 
261 55 153 241 46 29 -1 -1 -1 -1 
261 56 368 209 29 25 -1 -1 -1 -1 
262 55 135 250 52 29 -1 -1 -1 -1 
262 56 366 213 29 28 -1 -1 -1 -1 
263 55 121 254 56 30 -1 -1 -1 -1 
263 56 360 219 32 33 -1 -1 -1 -1 
264 55 98 264 63 33 -1 -1 -1 -1 
264 56 350 227 37 38 -1 -1 -1 -1 
265 55 72 273 63 30 -1 -1 -1 -1 
265 56 350 227 37 38 -1 -1 -1 -1 
266 55 47 275 74 42 -1 -1 -1 -1 
266 70 280 209 56 53 -1 -1 -1 -1 
267 55 47 275 74 42 -1 -1 -1 -1 
267 70 280 209 56 53 -1 -1 -1 -1 
270 80 114 236 45 30 -1 -1 -1 -1 
271 80 114 236 45 30 -1 -1 -1 -1 
314 90 295 187 25 17 -1 -1 -1 -1 
315 90 292 190 25 15 -1 -1 -1 -1 
316 90 288 191 25 16 -1 -1 -1 -1 
317 90 285 193 23 16 -1 -1 -1 -1 
321 90 264 202 27 18 -1 -1 -1 -1 
328 93 204 225 36 22 -1 -1 -1 -1 
329 93 190 230 40 25 -1 -1 -1 -1 
367 95 362 192 18 13 -1 -1 -1 -1 
369 95 358 196 18 14 -1 -1 -1 -1 
370 95 353 197 20 16 -1 -1 -1 -1 
371 95 347 198 24 19 -1 -1 -1 -1 
372 95 345 199 25 19 -1 -1 -1 -1 
373 95 340 203 25 20 -1 -1 -1 -1 
374 95 332 207 28 22 -1 -1 -1 -1 
375 95 325 210 28 26 -1 -1 -1 -1 
376 95 318 215 32 26 -1 -1 -1 -1 
377 95 300 222 42 32 -1 -1 -1 -1 
378 95 287 229 45 38 -1 -1 -1 -1 
379 95 269 237 58 44 -1 -1 -1 -1 
380 95 238 247 77 56 -1 -1 -1 -1 
381 95 206 263 92 69 -1 -1 -1 -1 
382 95 206 263 92 69 -1 -1 -1 -1 
387 99 250 193 25 20 -1 -1 -1 -1 
388 99 238 196 30 21 -1 -1 -1 -1 
389 99 224 200 32 22 -1 -1 -1 -1 
390 99 213 206 34 21 -1 -1 -1 -1 
391 99 195 211 37 23 -1 -1 -1 -1 
392 99 181 215 39 28 -1 -1 -1 -1 
393 99 164 221 43 30 -1 -1 -1 -1 
394 99 141 227 50 35 -1 -1 -1 -1 
395 99 122 234 49 37 -1 -1 -1 -1 
396 99 92 242 58 45 -1 -1 -1 -1 
397 99 92 242 58 45 -1 -1 -1 -1 
