4 1 371 187 16 11 -1 -1 -1 -1 
5 1 368 188 18 13 -1 -1 -1 -1 
6 1 365 190 19 14 -1 -1 -1 -1 
7 1 362 191 19 15 -1 -1 -1 -1 
8 1 359 191 18 19 -1 -1 -1 -1 
9 1 355 196 20 17 -1 -1 -1 -1 
10 1 349 197 23 20 -1 -1 -1 -1 
11 1 345 198 25 23 -1 -1 -1 -1 
12 1 338 203 27 24 -1 -1 -1 -1 
13 1 331 207 30 26 -1 -1 -1 -1 
14 1 322 211 33 31 -1 -1 -1 -1 
15 1 310 215 39 35 -1 -1 -1 -1 
16 1 310 215 39 35 -1 -1 -1 -1 
17 1 286 222 52 46 -1 -1 -1 -1 
18 1 269 232 57 55 -1 -1 -1 -1 
22 7 140 283 123 117 -1 -1 -1 -1 
23 7 78 310 151 150 -1 -1 -1 -1 
31 14 356 194 20 17 -1 -1 -1 -1 
32 14 350 196 22 18 -1 -1 -1 -1 
33 14 344 199 26 20 -1 -1 -1 -1 
34 14 337 202 26 23 -1 -1 -1 -1 
35 14 328 206 31 25 -1 -1 -1 -1 
36 14 315 212 35 30 -1 -1 -1 -1 
36 16 242 203 31 23 -1 -1 -1 -1 
37 14 300 218 42 36 -1 -1 -1 -1 
37 16 233 205 31 24 -1 -1 -1 -1 
38 14 282 224 51 46 -1 -1 -1 -1 
38 16 223 208 35 26 -1 -1 -1 -1 
39 14 282 224 51 46 -1 -1 -1 -1 
39 16 209 213 37 29 -1 -1 -1 -1 
40 16 195 219 43 29 -1 -1 -1 -1 
41 16 177 223 45 35 -1 -1 -1 -1 
42 16 162 228 48 37 -1 -1 -1 -1 
43 16 142 236 55 36 -1 -1 -1 -1 
44 16 120 241 61 46 -1 -1 -1 -1 
45 16 88 254 68 50 -1 -1 -1 -1 
46 16 61 263 73 54 -1 -1 -1 -1 
47 16 29 278 79 59 -1 -1 -1 -1 
