3 4 419 209 31 50 -1 -1 -1 -1 
4 4 419 209 31 50 -1 -1 -1 -1 
7 11 422 224 37 61 -1 -1 -1 -1 
8 11 423 229 39 64 -1 -1 -1 -1 
9 11 422 233 44 70 -1 -1 -1 -1 
10 11 422 238 47 76 -1 -1 -1 -1 
11 11 425 240 48 84 -1 -1 -1 -1 
12 11 426 248 53 89 -1 -1 -1 -1 
13 11 426 255 56 98 -1 -1 -1 -1 
14 11 425 260 63 109 -1 -1 -1 -1 
15 11 427 267 66 122 -1 -1 -1 -1 
16 11 427 270 72 132 -1 -1 -1 -1 
17 11 429 281 76 139 -1 -1 -1 -1 
17 16 259 197 32 25 -1 -1 -1 -1 
18 11 432 288 80 146 -1 -1 -1 -1 
18 16 254 202 29 21 -1 -1 -1 -1 
19 11 433 297 85 156 -1 -1 -1 -1 
19 16 243 204 35 24 -1 -1 -1 -1 
20 11 435 303 91 169 -1 -1 -1 -1 
20 16 236 207 35 24 -1 -1 -1 -1 
21 11 436 314 105 159 -1 -1 -1 -1 
21 16 224 212 36 25 -1 -1 -1 -1 
22 11 438 324 112 151 -1 -1 -1 -1 
22 16 212 216 39 25 -1 -1 -1 -1 
23 11 438 324 112 151 -1 -1 -1 -1 
24 16 187 226 46 27 -1 -1 -1 -1 
25 16 173 229 49 33 -1 -1 -1 -1 
26 16 155 235 53 36 -1 -1 -1 -1 
27 16 136 244 59 32 -1 -1 -1 -1 
28 16 116 250 61 36 -1 -1 -1 -1 
55 23 21 267 74 48 -1 -1 -1 -1 
56 23 1 278 63 53 -1 -1 -1 -1 
56 25 371 188 16 11 -1 -1 -1 -1 
57 23 1 278 63 53 -1 -1 -1 -1 
58 25 368 189 17 14 -1 -1 -1 -1 
59 25 366 190 18 15 -1 -1 -1 -1 
60 25 364 192 17 15 -1 -1 -1 -1 
61 25 363 195 16 14 -1 -1 -1 -1 
62 25 360 195 18 16 -1 -1 -1 -1 
63 25 357 197 20 18 -1 -1 -1 -1 
64 25 352 201 22 18 -1 -1 -1 -1 
65 25 348 203 24 22 -1 -1 -1 -1 
66 25 343 205 29 22 -1 -1 -1 -1 
67 25 339 206 29 26 -1 -1 -1 -1 
68 25 330 212 34 28 -1 -1 -1 -1 
69 25 322 218 35 29 -1 -1 -1 -1 
70 25 311 221 42 34 -1 -1 -1 -1 
71 25 302 227 46 39 -1 -1 -1 -1 
75 34 371 186 16 12 -1 -1 -1 -1 
76 34 369 187 17 13 -1 -1 -1 -1 
77 34 366 188 20 15 -1 -1 -1 -1 
78 34 365 190 19 15 -1 -1 -1 -1 
79 34 364 191 19 16 -1 -1 -1 -1 
80 34 363 192 18 17 -1 -1 -1 -1 
81 34 361 193 18 19 -1 -1 -1 -1 
82 34 357 196 20 21 -1 -1 -1 -1 
83 34 353 199 21 21 -1 -1 -1 -1 
84 34 347 202 27 24 -1 -1 -1 -1 
85 34 344 203 25 26 -1 -1 -1 -1 
86 34 337 208 29 28 -1 -1 -1 -1 
87 34 332 209 32 32 -1 -1 -1 -1 
93 40 249 246 74 72 -1 -1 -1 -1 
94 40 249 246 74 72 -1 -1 -1 -1 
103 46 246 200 28 25 -1 -1 -1 -1 
104 46 237 203 30 26 -1 -1 -1 -1 
105 46 227 204 35 30 -1 -1 -1 -1 
106 46 215 209 40 30 -1 -1 -1 -1 
107 34 267 197 25 17 -1 -1 -1 -1 
107 46 200 214 43 31 -1 -1 -1 -1 
107 50 369 188 16 11 -1 -1 -1 -1 
108 34 261 199 26 19 -1 -1 -1 -1 
108 46 186 217 48 32 -1 -1 -1 -1 
108 50 365 189 19 11 -1 -1 -1 -1 
109 34 253 202 26 21 -1 -1 -1 -1 
109 46 186 217 48 32 -1 -1 -1 -1 
110 34 245 205 28 21 -1 -1 -1 -1 
110 50 361 190 20 14 -1 -1 -1 -1 
111 34 235 209 29 23 -1 -1 -1 -1 
111 50 358 193 19 14 -1 -1 -1 -1 
112 34 235 209 29 23 -1 -1 -1 -1 
112 50 354 194 21 17 -1 -1 -1 -1 
113 50 349 196 24 19 -1 -1 -1 -1 
114 50 346 197 26 20 -1 -1 -1 -1 
115 50 343 198 27 21 -1 -1 -1 -1 
116 50 339 202 29 21 -1 -1 -1 -1 
117 50 334 203 31 23 -1 -1 -1 -1 
118 50 331 208 30 20 -1 -1 -1 -1 
119 50 325 209 33 26 -1 -1 -1 -1 
120 50 317 213 35 27 -1 -1 -1 -1 
121 50 309 215 40 33 -1 -1 -1 -1 
122 50 299 219 44 36 -1 -1 -1 -1 
128 60 183 269 101 89 -1 -1 -1 -1 
129 60 137 289 127 112 -1 -1 -1 -1 
130 60 74 318 157 143 -1 -1 -1 -1 
131 60 0 356 187 123 -1 -1 -1 -1 
132 60 0 356 187 123 -1 -1 -1 -1 
133 61 530 389 16 40 -1 -1 -1 -1 
142 62 322 179 22 13 -1 -1 -1 -1 
144 62 316 180 23 16 -1 -1 -1 -1 
145 62 315 182 22 13 -1 -1 -1 -1 
146 62 313 184 21 14 -1 -1 -1 -1 
147 62 309 185 23 14 -1 -1 -1 -1 
148 62 309 185 23 14 -1 -1 -1 -1 
149 62 299 185 30 17 -1 -1 -1 -1 
150 62 297 188 26 16 -1 -1 -1 -1 
151 62 290 191 29 17 -1 -1 -1 -1 
152 62 290 191 29 17 -1 -1 -1 -1 
156 62 270 201 31 17 -1 -1 -1 -1 
157 62 266 202 31 18 -1 -1 -1 -1 
158 62 261 205 27 17 -1 -1 -1 -1 
159 62 253 208 27 20 -1 -1 -1 -1 
160 62 242 213 31 17 -1 -1 -1 -1 
161 62 226 217 34 23 -1 -1 -1 -1 
183 67 382 177 14 13 -1 -1 -1 -1 
184 67 382 177 12 12 -1 -1 -1 -1 
186 67 379 178 14 13 -1 -1 -1 -1 
195 67 368 184 19 19 -1 -1 -1 -1 
196 67 366 185 20 21 -1 -1 -1 -1 
197 67 365 188 20 20 -1 -1 -1 -1 
198 67 363 189 20 22 -1 -1 -1 -1 
199 67 362 190 20 20 -1 -1 -1 -1 
200 67 361 190 20 24 -1 -1 -1 -1 
201 67 360 191 22 25 -1 -1 -1 -1 
206 67 346 200 29 31 -1 -1 -1 -1 
207 67 341 202 32 37 -1 -1 -1 -1 
208 67 336 204 35 38 -1 -1 -1 -1 
209 67 333 204 36 44 -1 -1 -1 -1 
210 67 325 211 40 46 -1 -1 -1 -1 
211 67 320 211 46 53 -1 -1 -1 -1 
212 67 310 217 45 56 -1 -1 -1 -1 
213 67 300 231 54 54 -1 -1 -1 -1 
214 67 280 233 67 75 -1 -1 -1 -1 
214 71 421 194 26 46 -1 -1 -1 -1 
215 67 263 247 74 82 -1 -1 -1 -1 
215 71 420 193 28 51 -1 -1 -1 -1 
216 67 228 249 95 119 -1 -1 -1 -1 
216 71 420 193 28 51 -1 -1 -1 -1 
217 67 182 269 150 153 -1 -1 -1 -1 
217 72 277 217 45 39 -1 -1 -1 -1 
218 67 182 269 150 153 -1 -1 -1 -1 
218 72 258 223 55 47 -1 -1 -1 -1 
219 72 258 223 55 47 -1 -1 -1 -1 
223 76 15 307 159 145 -1 -1 -1 -1 
224 76 0 342 115 135 -1 -1 -1 -1 
224 77 423 222 36 62 -1 -1 -1 -1 
225 76 0 342 115 135 -1 -1 -1 -1 
225 77 424 223 37 64 -1 -1 -1 -1 
226 77 424 226 39 65 -1 -1 -1 -1 
227 77 424 230 42 69 -1 -1 -1 -1 
227 79 424 226 43 71 -1 -1 -1 -1 
228 77 423 231 45 73 -1 -1 -1 -1 
228 79 424 226 43 71 -1 -1 -1 -1 
229 77 426 232 45 80 -1 -1 -1 -1 
230 77 426 232 45 80 -1 -1 -1 -1 
231 79 425 240 51 84 -1 -1 -1 -1 
232 77 426 242 51 89 -1 -1 -1 -1 
232 79 422 246 57 87 -1 -1 -1 -1 
233 77 428 248 52 90 -1 -1 -1 -1 
233 79 428 247 53 90 -1 -1 -1 -1 
234 77 429 251 53 95 -1 -1 -1 -1 
234 79 428 247 53 90 -1 -1 -1 -1 
235 77 429 255 55 102 -1 -1 -1 -1 
236 77 429 257 56 103 -1 -1 -1 -1 
237 77 430 262 58 108 -1 -1 -1 -1 
238 77 430 267 62 115 -1 -1 -1 -1 
239 77 427 269 69 123 -1 -1 -1 -1 
240 77 429 269 70 131 -1 -1 -1 -1 
241 77 431 276 70 136 -1 -1 -1 -1 
242 77 430 282 73 140 -1 -1 -1 -1 
243 77 430 289 75 143 -1 -1 -1 -1 
244 77 434 295 77 155 -1 -1 -1 -1 
245 77 433 301 82 160 -1 -1 -1 -1 
246 77 431 306 90 168 -1 -1 -1 -1 
247 77 433 314 94 162 -1 -1 -1 -1 
248 77 428 319 103 160 -1 -1 -1 -1 
249 77 428 319 103 160 -1 -1 -1 -1 
260 92 60 238 15 28 -1 -1 -1 -1 
261 92 60 238 15 28 -1 -1 -1 -1 
262 92 61 238 14 28 -1 -1 -1 -1 
262 93 283 187 29 15 -1 -1 -1 -1 
263 92 60 231 15 34 -1 -1 -1 -1 
263 93 279 188 27 18 -1 -1 -1 -1 
264 92 60 231 15 34 -1 -1 -1 -1 
265 93 268 192 27 21 -1 -1 -1 -1 
266 93 262 197 27 18 -1 -1 -1 -1 
267 93 256 199 28 21 -1 -1 -1 -1 
268 93 245 202 29 23 -1 -1 -1 -1 
269 93 233 208 33 23 -1 -1 -1 -1 
270 93 222 211 34 26 -1 -1 -1 -1 
271 93 202 218 40 28 -1 -1 -1 -1 
271 95 246 204 29 23 -1 -1 -1 -1 
272 93 181 227 44 31 -1 -1 -1 -1 
272 95 233 210 30 23 -1 -1 -1 -1 
273 93 181 227 44 31 -1 -1 -1 -1 
273 95 213 215 37 26 -1 -1 -1 -1 
274 95 191 224 43 26 -1 -1 -1 -1 
275 95 175 228 45 31 -1 -1 -1 -1 
276 95 147 238 51 36 -1 -1 -1 -1 
277 95 124 249 54 35 -1 -1 -1 -1 
281 92 61 236 14 29 -1 -1 -1 -1 
282 92 60 237 15 29 -1 -1 -1 -1 
283 92 60 237 15 29 -1 -1 -1 -1 
292 103 355 176 29 47 -1 -1 -1 -1 
293 103 353 177 31 47 -1 -1 -1 -1 
294 103 347 180 34 50 -1 -1 -1 -1 
295 103 345 180 35 55 -1 -1 -1 -1 
296 103 340 181 38 60 -1 -1 -1 -1 
297 92 94 224 12 28 -1 -1 -1 -1 
297 103 335 180 44 66 -1 -1 -1 -1 
298 92 94 224 12 28 -1 -1 -1 -1 
299 103 317 185 55 78 -1 -1 -1 -1 
300 103 308 186 60 87 -1 -1 -1 -1 
301 92 94 226 12 26 -1 -1 -1 -1 
301 103 287 170 109 126 -1 -1 -1 -1 
302 92 94 226 12 26 -1 -1 -1 -1 
303 92 94 226 12 25 -1 -1 -1 -1 
304 92 94 226 12 25 -1 -1 -1 -1 
305 92 94 226 12 25 -1 -1 -1 -1 
305 104 152 208 175 230 -1 -1 -1 -1 
334 108 347 199 21 17 -1 -1 -1 -1 
335 108 345 201 21 18 -1 -1 -1 -1 
336 108 338 206 26 18 -1 -1 -1 -1 
336 109 361 184 19 15 -1 -1 -1 -1 
337 108 334 207 28 21 -1 -1 -1 -1 
337 109 359 184 20 17 -1 -1 -1 -1 
338 108 358 185 20 19 -1 -1 -1 -1 
338 109 359 184 20 17 -1 -1 -1 -1 
339 108 356 187 21 19 -1 -1 -1 -1 
340 108 354 190 21 19 -1 -1 -1 -1 
340 111 305 223 38 30 -1 -1 -1 -1 
341 108 349 190 23 22 -1 -1 -1 -1 
341 111 290 230 46 35 -1 -1 -1 -1 
342 108 348 192 23 21 -1 -1 -1 -1 
342 111 268 239 59 43 -1 -1 -1 -1 
343 108 343 192 24 25 -1 -1 -1 -1 
343 111 245 250 71 52 -1 -1 -1 -1 
344 108 336 196 28 26 -1 -1 -1 -1 
344 111 245 250 71 52 -1 -1 -1 -1 
345 108 331 200 28 28 -1 -1 -1 -1 
346 108 323 202 32 31 -1 -1 -1 -1 
353 122 185 252 104 88 -1 -1 -1 -1 
354 122 185 252 104 88 -1 -1 -1 -1 
355 108 347 196 22 22 -1 -1 -1 -1 
356 108 340 201 23 22 -1 -1 -1 -1 
357 108 331 205 28 24 -1 -1 -1 -1 
357 109 357 196 17 14 -1 -1 -1 -1 
358 108 322 210 29 28 -1 -1 -1 -1 
358 109 350 197 20 19 -1 -1 -1 -1 
359 108 346 198 21 22 -1 -1 -1 -1 
359 109 350 197 20 19 -1 -1 -1 -1 
360 108 338 206 25 20 -1 -1 -1 -1 
361 108 328 207 28 27 -1 -1 -1 -1 
362 108 328 207 28 27 -1 -1 -1 -1 
363 108 328 207 28 27 -1 -1 -1 -1 
366 138 316 182 18 14 -1 -1 -1 -1 
367 138 313 184 18 15 -1 -1 -1 -1 
368 138 307 187 19 15 -1 -1 -1 -1 
369 138 307 187 19 15 -1 -1 -1 -1 
370 138 295 191 22 18 -1 -1 -1 -1 
371 138 295 191 22 18 -1 -1 -1 -1 
372 138 286 196 22 16 -1 -1 -1 -1 
372 149 355 192 21 17 -1 -1 -1 -1 
373 138 286 196 22 16 -1 -1 -1 -1 
374 149 343 199 26 21 -1 -1 -1 -1 
375 149 336 205 27 23 -1 -1 -1 -1 
376 149 325 209 32 27 -1 -1 -1 -1 
376 151 254 209 28 16 -1 -1 -1 -1 
377 149 311 216 40 30 -1 -1 -1 -1 
377 151 244 213 29 17 -1 -1 -1 -1 
378 149 311 216 40 30 -1 -1 -1 -1 
378 151 228 219 34 20 -1 -1 -1 -1 
379 151 228 219 34 20 -1 -1 -1 -1 
426 170 430 220 8 20 -1 -1 -1 -1 
510 177 321 176 15 14 -1 -1 -1 -1 
517 177 300 186 19 17 -1 -1 -1 -1 
519 177 292 189 19 15 -1 -1 -1 -1 
520 177 288 190 19 15 -1 -1 -1 -1 
521 177 280 192 22 19 -1 -1 -1 -1 
522 177 275 195 23 18 -1 -1 -1 -1 
523 177 269 196 25 20 -1 -1 -1 -1 
524 177 264 196 27 22 -1 -1 -1 -1 
525 177 255 201 28 20 -1 -1 -1 -1 
526 177 250 203 29 23 -1 -1 -1 -1 
527 177 240 206 31 25 -1 -1 -1 -1 
528 177 231 210 33 24 -1 -1 -1 -1 
529 177 224 213 34 24 -1 -1 -1 -1 
530 177 213 216 37 26 -1 -1 -1 -1 
531 177 205 220 37 26 -1 -1 -1 -1 
552 183 245 203 27 22 -1 -1 -1 -1 
553 183 234 207 28 22 -1 -1 -1 -1 
554 183 222 212 32 23 -1 -1 -1 -1 
555 183 205 216 36 28 -1 -1 -1 -1 
556 183 189 223 41 30 -1 -1 -1 -1 
557 183 174 230 41 33 -1 -1 -1 -1 
558 183 153 239 45 31 -1 -1 -1 -1 
559 183 134 245 49 36 -1 -1 -1 -1 
560 183 106 257 55 35 -1 -1 -1 -1 
561 183 80 269 57 38 -1 -1 -1 -1 
562 183 80 269 57 38 -1 -1 -1 -1 
563 185 369 184 17 14 -1 -1 -1 -1 
564 185 368 186 16 14 -1 -1 -1 -1 
565 185 365 187 17 14 -1 -1 -1 -1 
566 185 360 188 19 16 -1 -1 -1 -1 
567 185 359 188 19 19 -1 -1 -1 -1 
568 185 357 191 20 18 -1 -1 -1 -1 
569 185 351 194 23 18 -1 -1 -1 -1 
570 185 345 196 25 21 -1 -1 -1 -1 
571 185 336 200 26 24 -1 -1 -1 -1 
572 185 326 206 30 26 -1 -1 -1 -1 
573 185 314 210 37 33 -1 -1 -1 -1 
573 186 310 179 16 13 -1 -1 -1 -1 
574 185 300 216 41 38 -1 -1 -1 -1 
574 186 304 181 19 14 -1 -1 -1 -1 
575 185 277 225 52 47 -1 -1 -1 -1 
575 186 300 182 20 16 -1 -1 -1 -1 
576 185 253 233 65 60 -1 -1 -1 -1 
576 186 295 182 23 18 -1 -1 -1 -1 
577 185 253 233 65 60 -1 -1 -1 -1 
577 186 289 186 23 16 -1 -1 -1 -1 
578 186 283 187 22 19 -1 -1 -1 -1 
579 186 279 190 22 17 -1 -1 -1 -1 
580 186 279 190 22 17 -1 -1 -1 -1 
581 186 279 190 22 17 -1 -1 -1 -1 
582 186 258 196 27 20 -1 -1 -1 -1 
583 186 258 196 27 20 -1 -1 -1 -1 
585 186 230 208 30 23 -1 -1 -1 -1 
624 212 362 195 16 16 -1 -1 -1 -1 
625 212 357 196 19 19 -1 -1 -1 -1 
626 212 353 200 19 18 -1 -1 -1 -1 
627 212 346 201 25 24 -1 -1 -1 -1 
628 212 341 203 27 27 -1 -1 -1 -1 
638 221 341 207 26 20 -1 -1 -1 -1 
639 221 332 208 30 26 -1 -1 -1 -1 
640 221 323 216 30 27 -1 -1 -1 -1 
641 221 313 220 36 30 -1 -1 -1 -1 
642 221 301 227 40 35 -1 -1 -1 -1 
728 233 338 170 15 12 -1 -1 -1 -1 
729 233 334 173 14 8 -1 -1 -1 -1 
730 233 331 174 15 11 -1 -1 -1 -1 
730 234 426 205 21 22 -1 -1 -1 -1 
731 233 331 174 15 11 -1 -1 -1 -1 
732 234 428 210 20 23 -1 -1 -1 -1 
733 234 429 214 20 23 -1 -1 -1 -1 
734 234 429 217 21 24 -1 -1 -1 -1 
734 235 315 178 20 16 -1 -1 -1 -1 
735 234 429 222 23 23 -1 -1 -1 -1 
735 235 310 180 21 16 -1 -1 -1 -1 
736 234 430 223 23 27 -1 -1 -1 -1 
736 235 303 181 24 19 -1 -1 -1 -1 
737 234 433 231 23 25 -1 -1 -1 -1 
737 235 296 187 24 16 -1 -1 -1 -1 
738 234 434 235 22 26 -1 -1 -1 -1 
738 235 293 186 25 18 -1 -1 -1 -1 
739 234 432 238 29 32 -1 -1 -1 -1 
739 235 282 192 24 18 -1 -1 -1 -1 
740 234 435 241 29 36 -1 -1 -1 -1 
740 235 274 196 27 17 -1 -1 -1 -1 
741 234 437 247 29 37 -1 -1 -1 -1 
741 235 265 197 30 21 -1 -1 -1 -1 
742 234 437 247 29 37 -1 -1 -1 -1 
742 235 251 202 33 22 -1 -1 -1 -1 
743 235 239 207 36 22 -1 -1 -1 -1 
744 235 226 212 41 24 -1 -1 -1 -1 
745 235 214 217 40 25 -1 -1 -1 -1 
746 235 198 224 43 25 -1 -1 -1 -1 
747 235 179 231 45 29 -1 -1 -1 -1 
748 235 179 231 45 29 -1 -1 -1 -1 
752 242 464 370 57 109 -1 -1 -1 -1 
753 242 462 396 67 83 -1 -1 -1 -1 
754 242 462 396 67 83 -1 -1 -1 -1 
760 234 361 193 17 13 -1 -1 -1 -1 
761 234 361 193 17 13 -1 -1 -1 -1 
763 234 351 197 22 17 -1 -1 -1 -1 
764 234 351 197 22 17 -1 -1 -1 -1 
765 234 347 199 21 20 -1 -1 -1 -1 
766 234 342 203 23 21 -1 -1 -1 -1 
767 234 338 206 26 20 -1 -1 -1 -1 
768 234 332 208 28 22 -1 -1 -1 -1 
769 234 324 211 30 27 -1 -1 -1 -1 
770 234 324 211 30 27 -1 -1 -1 -1 
777 261 196 211 32 20 -1 -1 -1 -1 
778 261 185 216 31 22 -1 -1 -1 -1 
779 261 166 221 40 24 -1 -1 -1 -1 
780 261 155 224 42 25 -1 -1 -1 -1 
817 274 93 226 14 26 -1 -1 -1 -1 
823 274 94 226 13 26 -1 -1 -1 -1 
827 274 94 226 13 26 -1 -1 -1 -1 
828 274 94 226 13 26 -1 -1 -1 -1 
829 274 94 226 13 26 -1 -1 -1 -1 
830 274 94 226 13 26 -1 -1 -1 -1 
831 274 94 226 13 26 -1 -1 -1 -1 
832 274 94 226 13 26 -1 -1 -1 -1 
839 274 95 227 12 25 -1 -1 -1 -1 
840 274 94 227 13 25 -1 -1 -1 -1 
851 274 94 226 13 28 -1 -1 -1 -1 
