39 1 331 177 16 13 -1 -1 -1 -1 
40 1 327 177 19 14 -1 -1 -1 -1 
41 1 324 179 20 15 -1 -1 -1 -1 
42 1 321 178 21 16 -1 -1 -1 -1 
43 1 319 180 20 15 -1 -1 -1 -1 
44 1 317 180 22 16 -1 -1 -1 -1 
49 1 299 187 25 20 -1 -1 -1 -1 
50 1 299 187 25 20 -1 -1 -1 -1 
51 5 364 188 20 14 -1 -1 -1 -1 
52 5 362 190 18 15 -1 -1 -1 -1 
53 5 361 192 17 15 -1 -1 -1 -1 
54 5 357 192 19 18 -1 -1 -1 -1 
55 5 352 197 21 17 -1 -1 -1 -1 
56 5 348 197 23 20 -1 -1 -1 -1 
57 5 343 200 24 21 -1 -1 -1 -1 
58 5 336 204 28 23 -1 -1 -1 -1 
59 5 325 210 32 27 -1 -1 -1 -1 
60 5 318 214 34 30 -1 -1 -1 -1 
61 5 303 218 43 38 -1 -1 -1 -1 
62 5 286 224 52 47 -1 -1 -1 -1 
70 13 341 196 25 19 -1 -1 -1 -1 
71 13 338 198 24 23 -1 -1 -1 -1 
72 13 330 203 28 22 -1 -1 -1 -1 
73 13 322 207 28 26 -1 -1 -1 -1 
78 16 238 238 67 61 -1 -1 -1 -1 
79 16 196 253 88 79 -1 -1 -1 -1 
80 16 196 253 88 79 -1 -1 -1 -1 
81 17 421 214 20 23 -1 -1 -1 -1 
82 17 420 215 21 24 -1 -1 -1 -1 
83 17 422 216 19 25 -1 -1 -1 -1 
84 17 420 219 22 25 -1 -1 -1 -1 
85 17 420 221 23 24 -1 -1 -1 -1 
86 17 420 224 24 25 -1 -1 -1 -1 
87 5 356 192 19 18 -1 -1 -1 -1 
87 17 420 223 24 28 -1 -1 -1 -1 
88 5 352 195 20 18 -1 -1 -1 -1 
88 17 421 224 24 29 -1 -1 -1 -1 
89 5 345 196 25 21 -1 -1 -1 -1 
89 17 419 226 26 30 -1 -1 -1 -1 
90 5 345 196 25 21 -1 -1 -1 -1 
90 17 421 228 25 30 -1 -1 -1 -1 
91 17 420 233 27 30 -1 -1 -1 -1 
92 17 419 237 28 30 -1 -1 -1 -1 
92 21 324 209 28 29 -1 -1 -1 -1 
93 17 419 237 28 34 -1 -1 -1 -1 
93 21 309 215 36 33 -1 -1 -1 -1 
94 17 421 238 27 35 -1 -1 -1 -1 
94 21 293 218 45 42 -1 -1 -1 -1 
95 17 420 242 30 34 -1 -1 -1 -1 
95 21 270 229 56 48 -1 -1 -1 -1 
96 17 421 245 29 36 -1 -1 -1 -1 
96 21 243 239 67 63 -1 -1 -1 -1 
97 17 420 247 31 38 -1 -1 -1 -1 
97 21 243 239 67 63 -1 -1 -1 -1 
98 17 421 250 31 41 -1 -1 -1 -1 
99 17 420 254 34 43 -1 -1 -1 -1 
100 17 424 257 31 44 -1 -1 -1 -1 
101 17 421 264 37 48 -1 -1 -1 -1 
102 17 424 266 37 50 -1 -1 -1 -1 
102 25 456 253 37 42 -1 -1 -1 -1 
103 17 425 272 38 53 -1 -1 -1 -1 
104 17 426 283 40 48 -1 -1 -1 -1 
108 26 181 214 36 25 -1 -1 -1 -1 
109 26 167 220 40 26 -1 -1 -1 -1 
110 26 157 224 39 26 -1 -1 -1 -1 
111 26 137 230 42 28 -1 -1 -1 -1 
112 26 113 240 49 29 -1 -1 -1 -1 
112 28 319 182 17 14 -1 -1 -1 -1 
112 29 436 350 59 102 -1 -1 -1 -1 
113 26 96 242 51 36 -1 -1 -1 -1 
113 28 319 182 17 14 -1 -1 -1 -1 
113 29 439 366 60 108 -1 -1 -1 -1 
113 31 232 202 29 23 -1 -1 -1 -1 
114 26 67 254 57 37 -1 -1 -1 -1 
114 29 442 388 65 91 -1 -1 -1 -1 
114 31 222 205 30 23 -1 -1 -1 -1 
115 26 50 262 54 38 -1 -1 -1 -1 
115 29 441 406 67 73 -1 -1 -1 -1 
115 31 213 209 31 23 -1 -1 -1 -1 
116 26 25 269 58 45 -1 -1 -1 -1 
116 29 441 406 67 73 -1 -1 -1 -1 
117 26 0 284 52 49 -1 -1 -1 -1 
117 31 188 217 35 28 -1 -1 -1 -1 
118 26 0 284 52 49 -1 -1 -1 -1 
118 31 174 221 41 31 -1 -1 -1 -1 
119 31 160 229 43 31 -1 -1 -1 -1 
119 34 238 195 27 20 -1 -1 -1 -1 
120 31 142 231 48 38 -1 -1 -1 -1 
120 34 230 197 27 22 -1 -1 -1 -1 
121 31 122 238 54 41 -1 -1 -1 -1 
121 34 216 202 32 22 -1 -1 -1 -1 
122 31 106 245 52 45 -1 -1 -1 -1 
122 34 204 206 36 23 -1 -1 -1 -1 
123 31 106 245 52 45 -1 -1 -1 -1 
123 34 189 209 37 26 -1 -1 -1 -1 
124 34 189 209 37 26 -1 -1 -1 -1 
126 39 0 290 66 62 -1 -1 -1 -1 
127 39 0 290 66 62 -1 -1 -1 -1 
129 42 74 248 60 41 -1 -1 -1 -1 
130 42 50 259 62 44 -1 -1 -1 -1 
131 42 26 266 64 51 -1 -1 -1 -1 
132 42 0 276 65 58 -1 -1 -1 -1 
