33 21 424 203 17 19 -1 -1 -1 -1 
34 21 424 206 17 17 -1 -1 -1 -1 
35 21 425 206 16 20 -1 -1 -1 -1 
36 21 425 209 18 20 -1 -1 -1 -1 
37 21 425 209 19 23 -1 -1 -1 -1 
38 21 426 211 18 23 -1 -1 -1 -1 
39 21 426 213 20 24 -1 -1 -1 -1 
40 21 426 218 22 24 -1 -1 -1 -1 
41 21 427 221 21 24 -1 -1 -1 -1 
42 21 427 223 22 24 -1 -1 -1 -1 
43 21 428 225 22 27 -1 -1 -1 -1 
44 21 429 229 22 28 -1 -1 -1 -1 
45 21 429 229 24 33 -1 -1 -1 -1 
46 21 429 231 24 32 -1 -1 -1 -1 
47 21 430 238 27 32 -1 -1 -1 -1 
48 21 432 241 28 36 -1 -1 -1 -1 
49 21 432 249 31 37 -1 -1 -1 -1 
50 21 432 254 32 42 -1 -1 -1 -1 
57 23 438 303 49 71 -1 -1 -1 -1 
58 23 440 315 54 79 -1 -1 -1 -1 
59 23 442 329 55 86 -1 -1 -1 -1 
60 23 445 348 59 103 -1 -1 -1 -1 
61 23 444 369 67 106 -1 -1 -1 -1 
62 23 443 391 72 88 -1 -1 -1 -1 
