9 4 369 183 15 11 -1 -1 -1 -1 
10 4 364 185 18 14 -1 -1 -1 -1 
11 4 364 187 16 12 -1 -1 -1 -1 
12 4 360 189 17 12 -1 -1 -1 -1 
13 4 353 191 21 14 -1 -1 -1 -1 
14 4 352 192 19 17 -1 -1 -1 -1 
14 8 443 237 31 32 -1 -1 -1 -1 
15 4 346 193 23 20 -1 -1 -1 -1 
15 8 445 240 31 33 -1 -1 -1 -1 
16 4 342 197 22 20 -1 -1 -1 -1 
16 8 448 243 32 32 -1 -1 -1 -1 
17 4 338 199 24 21 -1 -1 -1 -1 
17 8 453 251 28 27 -1 -1 -1 -1 
18 4 330 203 27 22 -1 -1 -1 -1 
18 8 455 251 30 31 -1 -1 -1 -1 
19 4 324 206 28 25 -1 -1 -1 -1 
19 8 455 251 30 31 -1 -1 -1 -1 
20 4 318 208 31 28 -1 -1 -1 -1 
21 4 310 213 33 27 -1 -1 -1 -1 
26 12 458 254 33 39 -1 -1 -1 -1 
27 12 458 254 33 39 -1 -1 -1 -1 
28 12 458 254 34 40 -1 -1 -1 -1 
29 12 458 254 34 39 -1 -1 -1 -1 
41 17 169 232 44 29 -1 -1 -1 -1 
46 4 370 186 17 14 -1 -1 -1 -1 
47 4 369 186 19 16 -1 -1 -1 -1 
48 4 363 191 22 13 -1 -1 -1 -1 
49 4 363 191 18 16 -1 -1 -1 -1 
50 4 359 194 18 17 -1 -1 -1 -1 
51 4 356 195 20 19 -1 -1 -1 -1 
52 4 350 197 23 20 -1 -1 -1 -1 
53 4 347 200 24 22 -1 -1 -1 -1 
54 4 340 204 26 23 -1 -1 -1 -1 
55 4 333 207 29 25 -1 -1 -1 -1 
56 4 323 210 34 31 -1 -1 -1 -1 
57 4 314 215 37 33 -1 -1 -1 -1 
58 4 299 218 45 42 -1 -1 -1 -1 
58 22 355 195 21 18 -1 -1 -1 -1 
59 4 281 227 55 47 -1 -1 -1 -1 
59 22 348 196 27 22 -1 -1 -1 -1 
60 4 259 235 63 59 -1 -1 -1 -1 
60 22 346 199 25 22 -1 -1 -1 -1 
61 4 259 235 63 59 -1 -1 -1 -1 
61 22 340 204 26 22 -1 -1 -1 -1 
62 22 328 208 32 27 -1 -1 -1 -1 
63 22 320 211 37 31 -1 -1 -1 -1 
64 22 320 211 37 31 -1 -1 -1 -1 
64 25 421 222 26 25 -1 -1 -1 -1 
65 25 420 224 27 30 -1 -1 -1 -1 
66 25 420 226 29 30 -1 -1 -1 -1 
67 25 421 232 27 29 -1 -1 -1 -1 
68 25 419 235 29 33 -1 -1 -1 -1 
69 25 419 235 29 33 -1 -1 -1 -1 
71 25 421 251 30 32 -1 -1 -1 -1 
77 35 124 234 46 32 -1 -1 -1 -1 
78 35 113 239 50 33 -1 -1 -1 -1 
78 36 457 255 36 39 -1 -1 -1 -1 
78 37 424 287 44 56 -1 -1 -1 -1 
79 35 113 239 50 33 -1 -1 -1 -1 
79 36 457 255 36 39 -1 -1 -1 -1 
80 37 431 321 52 69 -1 -1 -1 -1 
81 37 435 343 54 73 -1 -1 -1 -1 
82 37 435 343 54 73 -1 -1 -1 -1 
87 22 360 190 18 16 -1 -1 -1 -1 
88 22 357 193 19 17 -1 -1 -1 -1 
89 22 354 195 21 18 -1 -1 -1 -1 
90 22 354 195 21 18 -1 -1 -1 -1 
91 22 342 201 24 21 -1 -1 -1 -1 
92 22 342 201 24 21 -1 -1 -1 -1 
94 46 315 216 35 30 -1 -1 -1 -1 
95 46 295 219 48 39 -1 -1 -1 -1 
96 46 273 228 61 47 -1 -1 -1 -1 
97 46 253 236 68 60 -1 -1 -1 -1 
98 46 253 236 68 60 -1 -1 -1 -1 
99 47 115 245 63 38 -1 -1 -1 -1 
100 22 317 175 15 13 -1 -1 -1 -1 
100 47 115 245 63 38 -1 -1 -1 -1 
101 22 314 176 15 13 -1 -1 -1 -1 
102 22 311 179 14 12 -1 -1 -1 -1 
103 22 309 179 15 13 -1 -1 -1 -1 
104 22 305 181 14 12 -1 -1 -1 -1 
104 54 313 194 37 39 -1 -1 -1 -1 
105 22 305 181 14 12 -1 -1 -1 -1 
105 54 303 191 43 49 -1 -1 -1 -1 
106 54 288 200 49 52 -1 -1 -1 -1 
107 54 268 205 59 59 -1 -1 -1 -1 
107 56 232 210 29 22 -1 -1 -1 -1 
108 22 287 188 19 16 -1 -1 -1 -1 
108 54 248 214 67 67 -1 -1 -1 -1 
108 56 223 213 33 23 -1 -1 -1 -1 
109 22 283 190 19 15 -1 -1 -1 -1 
109 54 219 223 85 80 -1 -1 -1 -1 
110 22 274 190 24 19 -1 -1 -1 -1 
110 54 165 226 97 105 -1 -1 -1 -1 
111 22 267 194 26 19 -1 -1 -1 -1 
111 54 165 226 97 105 -1 -1 -1 -1 
112 22 262 196 25 20 -1 -1 -1 -1 
113 22 250 198 30 24 -1 -1 -1 -1 
113 60 162 237 41 27 -1 -1 -1 -1 
114 22 243 202 31 23 -1 -1 -1 -1 
114 60 142 245 50 32 -1 -1 -1 -1 
114 62 458 255 34 39 -1 -1 -1 -1 
115 22 231 207 32 23 -1 -1 -1 -1 
115 60 124 253 48 34 -1 -1 -1 -1 
115 62 459 255 33 38 -1 -1 -1 -1 
116 22 221 210 33 26 -1 -1 -1 -1 
116 60 105 260 51 35 -1 -1 -1 -1 
116 62 459 255 33 38 -1 -1 -1 -1 
117 22 211 215 35 26 -1 -1 -1 -1 
117 60 105 260 51 35 -1 -1 -1 -1 
118 22 196 218 41 29 -1 -1 -1 -1 
118 62 459 255 33 38 -1 -1 -1 -1 
119 22 185 222 40 30 -1 -1 -1 -1 
119 62 459 255 33 38 -1 -1 -1 -1 
120 22 162 230 45 34 -1 -1 -1 -1 
120 62 459 255 33 38 -1 -1 -1 -1 
121 22 143 236 50 36 -1 -1 -1 -1 
122 22 125 242 53 41 -1 -1 -1 -1 
122 62 459 255 34 40 -1 -1 -1 -1 
123 22 100 253 59 42 -1 -1 -1 -1 
123 62 458 256 35 39 -1 -1 -1 -1 
124 22 66 260 65 55 -1 -1 -1 -1 
124 62 458 256 35 39 -1 -1 -1 -1 
125 22 39 274 69 56 -1 -1 -1 -1 
125 65 257 192 21 16 -1 -1 -1 -1 
126 22 0 289 70 63 -1 -1 -1 -1 
126 65 251 195 22 16 -1 -1 -1 -1 
126 67 211 208 29 20 -1 -1 -1 -1 
127 22 0 289 70 63 -1 -1 -1 -1 
127 65 243 198 24 16 -1 -1 -1 -1 
128 65 237 200 25 19 -1 -1 -1 -1 
128 67 191 215 30 20 -1 -1 -1 -1 
129 65 231 204 25 17 -1 -1 -1 -1 
129 67 184 218 30 22 -1 -1 -1 -1 
130 65 223 206 26 18 -1 -1 -1 -1 
130 67 166 223 36 24 -1 -1 -1 -1 
130 69 267 188 23 19 -1 -1 -1 -1 
130 70 352 173 10 8 -1 -1 -1 -1 
131 65 212 207 31 21 -1 -1 -1 -1 
131 67 166 223 36 24 -1 -1 -1 -1 
131 69 260 190 22 19 -1 -1 -1 -1 
132 65 202 210 31 22 -1 -1 -1 -1 
132 69 254 193 22 17 -1 -1 -1 -1 
132 70 348 174 13 8 -1 -1 -1 -1 
133 65 195 214 33 23 -1 -1 -1 -1 
133 67 126 239 41 27 -1 -1 -1 -1 
133 69 246 195 26 20 -1 -1 -1 -1 
133 70 346 175 12 8 -1 -1 -1 -1 
134 65 185 217 35 25 -1 -1 -1 -1 
134 67 107 248 45 28 -1 -1 -1 -1 
134 69 237 197 26 20 -1 -1 -1 -1 
134 70 346 175 11 10 -1 -1 -1 -1 
135 65 174 223 39 24 -1 -1 -1 -1 
135 67 89 253 47 32 -1 -1 -1 -1 
135 69 227 201 29 19 -1 -1 -1 -1 
136 65 163 225 42 28 -1 -1 -1 -1 
136 67 89 253 47 32 -1 -1 -1 -1 
137 65 150 230 41 31 -1 -1 -1 -1 
137 69 207 207 32 22 -1 -1 -1 -1 
137 70 342 179 11 10 -1 -1 -1 -1 
138 65 138 237 42 30 -1 -1 -1 -1 
138 69 195 209 36 24 -1 -1 -1 -1 
138 70 337 180 14 10 -1 -1 -1 -1 
139 65 120 240 47 34 -1 -1 -1 -1 
139 69 184 213 36 26 -1 -1 -1 -1 
139 70 335 182 13 9 -1 -1 -1 -1 
140 65 108 243 47 42 -1 -1 -1 -1 
140 69 170 216 41 27 -1 -1 -1 -1 
141 65 88 253 49 38 -1 -1 -1 -1 
141 69 157 222 42 29 -1 -1 -1 -1 
141 70 331 183 14 11 -1 -1 -1 -1 
142 65 70 259 57 39 -1 -1 -1 -1 
142 69 148 227 40 28 -1 -1 -1 -1 
143 65 48 267 57 45 -1 -1 -1 -1 
143 69 128 233 42 31 -1 -1 -1 -1 
143 70 325 185 15 10 -1 -1 -1 -1 
144 65 28 276 61 47 -1 -1 -1 -1 
144 69 111 240 47 31 -1 -1 -1 -1 
144 70 323 187 15 11 -1 -1 -1 -1 
145 65 23 277 60 51 -1 -1 -1 -1 
145 69 107 240 48 35 -1 -1 -1 -1 
145 70 323 187 15 11 -1 -1 -1 -1 
145 73 349 185 25 19 -1 -1 -1 -1 
146 65 23 277 60 51 -1 -1 -1 -1 
146 69 107 240 48 35 -1 -1 -1 -1 
147 70 317 190 17 11 -1 -1 -1 -1 
147 73 338 187 30 27 -1 -1 -1 -1 
148 73 328 189 36 28 -1 -1 -1 -1 
149 70 304 195 16 12 -1 -1 -1 -1 
149 73 328 189 36 28 -1 -1 -1 -1 
150 70 304 195 16 12 -1 -1 -1 -1 
151 75 458 255 35 38 -1 -1 -1 -1 
152 75 458 255 35 38 -1 -1 -1 -1 
153 75 458 254 35 40 -1 -1 -1 -1 
154 75 458 254 35 40 -1 -1 -1 -1 
154 78 279 199 59 51 -1 -1 -1 -1 
155 75 457 254 36 40 -1 -1 -1 -1 
155 78 274 202 55 60 -1 -1 -1 -1 
156 75 458 254 35 40 -1 -1 -1 -1 
156 78 258 205 65 69 -1 -1 -1 -1 
157 75 458 254 35 40 -1 -1 -1 -1 
157 78 234 213 75 77 -1 -1 -1 -1 
158 70 374 186 15 11 -1 -1 -1 -1 
158 75 458 254 35 40 -1 -1 -1 -1 
158 78 197 220 97 97 -1 -1 -1 -1 
159 70 372 187 15 11 -1 -1 -1 -1 
159 75 458 254 35 40 -1 -1 -1 -1 
159 78 138 231 134 121 -1 -1 -1 -1 
160 70 369 188 17 13 -1 -1 -1 -1 
160 75 458 255 35 38 -1 -1 -1 -1 
160 78 138 231 134 121 -1 -1 -1 -1 
161 70 367 190 18 14 -1 -1 -1 -1 
161 75 458 255 35 37 -1 -1 -1 -1 
162 70 362 191 22 14 -1 -1 -1 -1 
162 75 458 255 35 37 -1 -1 -1 -1 
163 70 362 192 20 15 -1 -1 -1 -1 
163 75 458 255 35 37 -1 -1 -1 -1 
164 70 359 193 20 17 -1 -1 -1 -1 
164 75 458 255 35 37 -1 -1 -1 -1 
165 70 356 194 21 19 -1 -1 -1 -1 
165 75 458 255 35 37 -1 -1 -1 -1 
166 70 351 197 24 19 -1 -1 -1 -1 
166 75 458 255 35 37 -1 -1 -1 -1 
167 70 346 201 25 20 -1 -1 -1 -1 
167 75 458 255 35 37 -1 -1 -1 -1 
168 70 340 203 28 21 -1 -1 -1 -1 
168 75 458 255 35 37 -1 -1 -1 -1 
169 70 335 207 28 24 -1 -1 -1 -1 
169 75 458 255 35 37 -1 -1 -1 -1 
170 70 325 211 32 28 -1 -1 -1 -1 
170 75 458 255 35 37 -1 -1 -1 -1 
171 70 318 217 34 27 -1 -1 -1 -1 
171 75 458 254 35 39 -1 -1 -1 -1 
172 70 302 219 44 35 -1 -1 -1 -1 
172 75 458 253 35 40 -1 -1 -1 -1 
173 70 302 219 44 35 -1 -1 -1 -1 
174 75 458 253 35 40 -1 -1 -1 -1 
175 75 458 253 35 40 -1 -1 -1 -1 
