3 2 338 196 28 26 -1 -1 -1 -1 
3 4 324 180 16 13 -1 -1 -1 -1 
4 2 329 204 29 26 -1 -1 -1 -1 
4 4 319 181 19 16 -1 -1 -1 -1 
5 2 312 209 37 33 -1 -1 -1 -1 
5 4 315 182 19 17 -1 -1 -1 -1 
6 2 295 216 45 39 -1 -1 -1 -1 
6 4 310 184 20 19 -1 -1 -1 -1 
7 2 268 224 56 51 -1 -1 -1 -1 
7 4 302 187 24 18 -1 -1 -1 -1 
8 2 268 224 56 51 -1 -1 -1 -1 
8 4 297 190 24 18 -1 -1 -1 -1 
9 4 293 191 24 19 -1 -1 -1 -1 
10 4 277 194 35 21 -1 -1 -1 -1 
11 4 277 197 28 20 -1 -1 -1 -1 
12 4 269 201 30 19 -1 -1 -1 -1 
13 4 258 204 32 22 -1 -1 -1 -1 
14 4 249 208 32 23 -1 -1 -1 -1 
15 4 234 213 36 21 -1 -1 -1 -1 
16 4 223 217 39 24 -1 -1 -1 -1 
17 4 213 222 39 21 -1 -1 -1 -1 
