21 3 365 190 21 15 -1 -1 -1 -1 
22 3 363 191 23 15 -1 -1 -1 -1 
23 3 362 190 22 19 -1 -1 -1 -1 
24 3 358 194 21 18 -1 -1 -1 -1 
25 3 356 195 22 21 -1 -1 -1 -1 
26 3 350 197 27 21 -1 -1 -1 -1 
27 3 347 202 25 20 -1 -1 -1 -1 
28 3 342 203 28 23 -1 -1 -1 -1 
28 5 235 194 30 21 -1 -1 -1 -1 
29 3 339 206 28 25 -1 -1 -1 -1 
29 5 227 197 29 22 -1 -1 -1 -1 
30 3 331 208 34 28 -1 -1 -1 -1 
30 5 219 200 32 21 -1 -1 -1 -1 
31 3 319 215 36 31 -1 -1 -1 -1 
31 5 207 204 34 23 -1 -1 -1 -1 
32 3 310 217 41 40 -1 -1 -1 -1 
32 5 201 206 30 22 -1 -1 -1 -1 
