3 2 336 205 28 22 -1 -1 -1 -1 
4 2 323 209 33 29 -1 -1 -1 -1 
5 2 311 217 37 32 -1 -1 -1 -1 
5 4 291 191 19 16 -1 -1 -1 -1 
6 2 288 227 50 41 -1 -1 -1 -1 
6 4 283 193 22 19 -1 -1 -1 -1 
6 5 320 178 15 13 -1 -1 -1 -1 
7 2 288 227 50 41 -1 -1 -1 -1 
7 4 274 198 23 18 -1 -1 -1 -1 
7 5 316 180 16 13 -1 -1 -1 -1 
8 4 266 200 26 20 -1 -1 -1 -1 
8 5 312 184 17 11 -1 -1 -1 -1 
9 4 254 204 28 21 -1 -1 -1 -1 
9 5 312 184 17 11 -1 -1 -1 -1 
10 4 241 210 31 22 -1 -1 -1 -1 
10 5 299 188 19 14 -1 -1 -1 -1 
11 4 230 214 33 22 -1 -1 -1 -1 
11 5 294 188 20 16 -1 -1 -1 -1 
12 4 213 221 34 24 -1 -1 -1 -1 
12 5 286 193 20 17 -1 -1 -1 -1 
13 4 191 229 41 30 -1 -1 -1 -1 
13 5 275 195 26 20 -1 -1 -1 -1 
14 4 191 229 41 30 -1 -1 -1 -1 
15 5 259 201 29 20 -1 -1 -1 -1 
16 5 251 204 28 22 -1 -1 -1 -1 
17 5 243 208 29 21 -1 -1 -1 -1 
18 5 233 212 33 22 -1 -1 -1 -1 
18 11 75 274 60 40 -1 -1 -1 -1 
19 5 224 215 34 24 -1 -1 -1 -1 
20 5 213 218 37 25 -1 -1 -1 -1 
20 11 13 299 74 48 -1 -1 -1 -1 
21 5 197 226 40 25 -1 -1 -1 -1 
22 5 184 231 43 28 -1 -1 -1 -1 
23 5 169 237 45 28 -1 -1 -1 -1 
24 5 152 243 50 30 -1 -1 -1 -1 
25 5 140 248 52 30 -1 -1 -1 -1 
25 12 363 189 18 14 -1 -1 -1 -1 
26 5 122 257 58 36 -1 -1 -1 -1 
26 12 361 189 16 17 -1 -1 -1 -1 
27 5 122 257 58 36 -1 -1 -1 -1 
27 12 356 191 18 19 -1 -1 -1 -1 
28 12 346 196 22 20 -1 -1 -1 -1 
29 12 341 201 23 20 -1 -1 -1 -1 
30 12 335 202 26 24 -1 -1 -1 -1 
31 12 325 206 30 28 -1 -1 -1 -1 
32 12 316 211 32 30 -1 -1 -1 -1 
33 12 305 216 38 34 -1 -1 -1 -1 
34 12 282 224 50 46 -1 -1 -1 -1 
35 12 282 224 50 46 -1 -1 -1 -1 
71 23 425 186 21 14 -1 -1 -1 -1 
72 23 427 187 20 13 -1 -1 -1 -1 
73 23 428 187 20 13 -1 -1 -1 -1 
75 23 431 188 22 13 -1 -1 -1 -1 
77 23 435 188 22 13 -1 -1 -1 -1 
78 23 436 189 22 12 -1 -1 -1 -1 
79 23 437 188 19 13 -1 -1 -1 -1 
80 23 439 189 21 12 -1 -1 -1 -1 
82 23 440 189 20 12 -1 -1 -1 -1 
83 23 440 189 20 12 -1 -1 -1 -1 
84 23 443 189 21 13 -1 -1 -1 -1 
85 23 445 189 20 13 -1 -1 -1 -1 
88 23 447 189 19 13 -1 -1 -1 -1 
89 23 447 189 19 13 -1 -1 -1 -1 
90 29 125 233 44 32 -1 -1 -1 -1 
91 29 110 238 48 35 -1 -1 -1 -1 
92 29 94 243 49 38 -1 -1 -1 -1 
103 33 426 192 16 18 -1 -1 -1 -1 
104 33 426 193 16 19 -1 -1 -1 -1 
105 23 372 175 17 14 -1 -1 -1 -1 
105 33 427 194 16 18 -1 -1 -1 -1 
106 23 371 177 16 12 -1 -1 -1 -1 
106 33 428 197 16 17 -1 -1 -1 -1 
107 23 371 177 16 13 -1 -1 -1 -1 
107 33 428 196 16 18 -1 -1 -1 -1 
108 23 368 177 18 16 -1 -1 -1 -1 
108 33 428 199 17 19 -1 -1 -1 -1 
109 23 368 177 18 17 -1 -1 -1 -1 
109 33 428 200 19 19 -1 -1 -1 -1 
110 23 368 177 18 17 -1 -1 -1 -1 
111 33 429 201 19 21 -1 -1 -1 -1 
112 33 428 203 21 20 -1 -1 -1 -1 
113 33 430 204 19 20 -1 -1 -1 -1 
113 35 355 178 27 24 -1 -1 -1 -1 
114 33 431 206 19 21 -1 -1 -1 -1 
114 35 351 182 27 23 -1 -1 -1 -1 
115 33 430 210 21 20 -1 -1 -1 -1 
115 35 348 184 28 24 -1 -1 -1 -1 
116 33 431 211 21 21 -1 -1 -1 -1 
116 35 347 187 26 24 -1 -1 -1 -1 
117 33 432 212 21 22 -1 -1 -1 -1 
117 35 347 187 26 24 -1 -1 -1 -1 
118 33 434 213 21 24 -1 -1 -1 -1 
119 33 435 215 21 25 -1 -1 -1 -1 
120 33 435 218 22 25 -1 -1 -1 -1 
121 33 434 220 25 25 -1 -1 -1 -1 
122 33 435 222 25 25 -1 -1 -1 -1 
123 33 435 223 25 28 -1 -1 -1 -1 
123 35 427 180 18 15 -1 -1 -1 -1 
124 33 436 229 25 26 -1 -1 -1 -1 
124 35 427 180 18 15 -1 -1 -1 -1 
125 33 436 231 26 29 -1 -1 -1 -1 
126 33 437 234 25 29 -1 -1 -1 -1 
126 38 232 208 92 99 -1 -1 -1 -1 
127 33 436 237 28 31 -1 -1 -1 -1 
127 38 176 216 123 135 -1 -1 -1 -1 
128 33 437 239 27 35 -1 -1 -1 -1 
129 33 437 244 29 34 -1 -1 -1 -1 
130 33 437 246 31 38 -1 -1 -1 -1 
131 33 439 252 30 38 -1 -1 -1 -1 
132 33 439 255 31 42 -1 -1 -1 -1 
133 33 438 258 34 44 -1 -1 -1 -1 
134 33 438 263 37 47 -1 -1 -1 -1 
135 33 438 269 38 48 -1 -1 -1 -1 
136 33 440 275 38 50 -1 -1 -1 -1 
137 33 440 275 38 50 -1 -1 -1 -1 
141 43 461 271 13 33 -1 -1 -1 -1 
142 43 461 271 13 33 -1 -1 -1 -1 
164 56 266 205 25 16 -1 -1 -1 -1 
167 56 244 215 26 16 -1 -1 -1 -1 
168 56 244 215 26 16 -1 -1 -1 -1 
168 63 103 242 62 41 -1 -1 -1 -1 
169 63 103 242 62 41 -1 -1 -1 -1 
188 72 342 170 13 12 -1 -1 -1 -1 
189 72 341 171 12 11 -1 -1 -1 -1 
190 72 339 173 13 11 -1 -1 -1 -1 
191 72 336 174 13 12 -1 -1 -1 -1 
192 72 333 175 15 13 -1 -1 -1 -1 
193 72 329 175 17 17 -1 -1 -1 -1 
194 72 324 177 19 16 -1 -1 -1 -1 
195 72 323 178 18 15 -1 -1 -1 -1 
195 75 143 238 52 35 -1 -1 -1 -1 
196 72 318 178 20 18 -1 -1 -1 -1 
196 75 143 238 52 35 -1 -1 -1 -1 
197 72 317 180 19 16 -1 -1 -1 -1 
198 72 312 181 21 18 -1 -1 -1 -1 
198 77 247 204 29 21 -1 -1 -1 -1 
199 72 305 184 24 18 -1 -1 -1 -1 
199 77 232 208 33 24 -1 -1 -1 -1 
200 72 302 185 25 18 -1 -1 -1 -1 
200 77 221 212 35 25 -1 -1 -1 -1 
201 72 300 186 23 19 -1 -1 -1 -1 
201 77 205 217 39 28 -1 -1 -1 -1 
202 72 295 189 25 16 -1 -1 -1 -1 
202 77 195 223 41 27 -1 -1 -1 -1 
203 72 289 190 25 18 -1 -1 -1 -1 
203 77 174 229 46 32 -1 -1 -1 -1 
204 72 282 191 28 20 -1 -1 -1 -1 
204 77 156 233 54 36 -1 -1 -1 -1 
205 72 278 194 28 20 -1 -1 -1 -1 
205 77 137 240 57 34 -1 -1 -1 -1 
206 72 268 195 34 22 -1 -1 -1 -1 
206 77 117 249 58 39 -1 -1 -1 -1 
207 72 258 200 38 21 -1 -1 -1 -1 
207 77 86 258 64 46 -1 -1 -1 -1 
208 72 256 201 31 22 -1 -1 -1 -1 
208 77 49 272 74 55 -1 -1 -1 -1 
209 72 251 204 32 23 -1 -1 -1 -1 
209 77 19 283 75 59 -1 -1 -1 -1 
210 72 240 208 34 23 -1 -1 -1 -1 
210 77 19 283 75 59 -1 -1 -1 -1 
211 72 229 212 35 23 -1 -1 -1 -1 
212 72 218 216 40 26 -1 -1 -1 -1 
213 72 209 219 39 27 -1 -1 -1 -1 
214 72 195 223 46 30 -1 -1 -1 -1 
215 72 178 229 47 31 -1 -1 -1 -1 
216 72 164 235 48 35 -1 -1 -1 -1 
217 72 149 240 53 35 -1 -1 -1 -1 
223 86 321 178 21 17 -1 -1 -1 -1 
225 86 318 180 23 18 -1 -1 -1 -1 
280 95 357 189 21 18 -1 -1 -1 -1 
281 95 357 189 21 18 -1 -1 -1 -1 
282 95 348 197 23 18 -1 -1 -1 -1 
283 95 339 200 28 23 -1 -1 -1 -1 
283 96 322 180 18 15 -1 -1 -1 -1 
284 95 333 205 28 24 -1 -1 -1 -1 
284 96 318 178 20 18 -1 -1 -1 -1 
285 95 321 209 33 28 -1 -1 -1 -1 
285 96 317 178 20 18 -1 -1 -1 -1 
286 95 321 209 33 28 -1 -1 -1 -1 
286 96 312 177 24 21 -1 -1 -1 -1 
289 96 304 185 24 17 -1 -1 -1 -1 
290 96 302 187 23 17 -1 -1 -1 -1 
292 96 294 187 25 19 -1 -1 -1 -1 
293 96 290 190 26 19 -1 -1 -1 -1 
295 96 281 194 28 18 -1 -1 -1 -1 
