3 1 444 332 54 84 -1 -1 -1 -1 
4 1 443 347 62 92 -1 -1 -1 -1 
5 1 446 366 65 103 -1 -1 -1 -1 
6 1 447 389 73 89 -1 -1 -1 -1 
7 1 449 413 74 66 -1 -1 -1 -1 
8 1 455 446 68 32 -1 -1 -1 -1 
9 1 455 446 68 32 -1 -1 -1 -1 
15 8 279 199 60 64 -1 -1 -1 -1 
16 8 256 203 74 75 -1 -1 -1 -1 
16 9 414 192 21 21 -1 -1 -1 -1 
17 8 219 214 95 97 -1 -1 -1 -1 
17 9 413 195 22 19 -1 -1 -1 -1 
18 8 173 221 122 123 -1 -1 -1 -1 
18 9 413 191 23 25 -1 -1 -1 -1 
19 8 108 224 164 174 -1 -1 -1 -1 
19 9 413 191 23 25 -1 -1 -1 -1 
20 8 108 224 164 174 -1 -1 -1 -1 
20 9 418 201 19 19 -1 -1 -1 -1 
21 9 416 203 22 19 -1 -1 -1 -1 
21 11 308 189 24 14 -1 -1 -1 -1 
22 9 419 205 20 19 -1 -1 -1 -1 
22 11 308 190 20 13 -1 -1 -1 -1 
23 9 418 211 22 18 -1 -1 -1 -1 
23 11 304 192 19 14 -1 -1 -1 -1 
24 9 421 211 21 21 -1 -1 -1 -1 
24 11 299 194 23 14 -1 -1 -1 -1 
25 9 422 213 21 22 -1 -1 -1 -1 
26 9 421 215 24 24 -1 -1 -1 -1 
26 11 291 199 20 13 -1 -1 -1 -1 
27 9 423 218 22 24 -1 -1 -1 -1 
28 9 424 222 22 22 -1 -1 -1 -1 
29 9 423 219 24 31 -1 -1 -1 -1 
30 9 422 220 26 34 -1 -1 -1 -1 
31 9 423 232 28 29 -1 -1 -1 -1 
32 9 423 231 29 34 -1 -1 -1 -1 
33 9 423 236 30 34 -1 -1 -1 -1 
34 9 423 238 32 39 -1 -1 -1 -1 
36 9 424 251 37 40 -1 -1 -1 -1 
37 9 425 259 37 39 -1 -1 -1 -1 
38 9 423 269 42 42 -1 -1 -1 -1 
39 9 425 277 42 43 -1 -1 -1 -1 
40 9 425 285 43 47 -1 -1 -1 -1 
41 9 426 291 43 53 -1 -1 -1 -1 
42 9 428 303 46 55 -1 -1 -1 -1 
43 9 428 309 51 65 -1 -1 -1 -1 
44 9 428 322 54 70 -1 -1 -1 -1 
50 23 220 210 36 25 -1 -1 -1 -1 
51 23 209 216 36 26 -1 -1 -1 -1 
52 23 192 223 40 27 -1 -1 -1 -1 
53 23 176 227 44 31 -1 -1 -1 -1 
54 23 154 236 49 34 -1 -1 -1 -1 
55 23 133 242 53 40 -1 -1 -1 -1 
65 25 421 211 20 19 -1 -1 -1 -1 
66 25 421 212 21 21 -1 -1 -1 -1 
67 25 423 215 20 21 -1 -1 -1 -1 
68 25 423 217 21 22 -1 -1 -1 -1 
69 25 424 219 21 23 -1 -1 -1 -1 
70 25 424 223 22 22 -1 -1 -1 -1 
71 25 424 226 23 23 -1 -1 -1 -1 
72 25 423 226 24 26 -1 -1 -1 -1 
73 25 422 229 27 27 -1 -1 -1 -1 
74 25 424 232 27 30 -1 -1 -1 -1 
75 25 424 235 27 31 -1 -1 -1 -1 
76 25 424 242 28 31 -1 -1 -1 -1 
77 25 426 244 27 34 -1 -1 -1 -1 
78 25 425 248 30 36 -1 -1 -1 -1 
79 25 426 254 32 37 -1 -1 -1 -1 
80 25 426 260 34 43 -1 -1 -1 -1 
81 25 426 260 34 43 -1 -1 -1 -1 
82 25 427 273 39 49 -1 -1 -1 -1 
82 27 206 207 32 20 -1 -1 -1 -1 
83 25 427 273 39 49 -1 -1 -1 -1 
83 27 198 209 32 22 -1 -1 -1 -1 
84 27 189 212 32 23 -1 -1 -1 -1 
84 29 289 190 18 12 -1 -1 -1 -1 
85 27 173 218 37 25 -1 -1 -1 -1 
85 29 280 191 23 16 -1 -1 -1 -1 
86 27 163 223 37 25 -1 -1 -1 -1 
86 29 276 192 23 17 -1 -1 -1 -1 
87 27 148 227 42 27 -1 -1 -1 -1 
87 29 270 195 24 18 -1 -1 -1 -1 
88 27 135 232 42 28 -1 -1 -1 -1 
88 29 266 197 24 19 -1 -1 -1 -1 
88 30 434 341 56 90 -1 -1 -1 -1 
89 27 112 239 47 33 -1 -1 -1 -1 
89 29 256 200 27 20 -1 -1 -1 -1 
89 30 434 369 65 106 -1 -1 -1 -1 
90 27 94 241 53 38 -1 -1 -1 -1 
90 29 249 201 27 23 -1 -1 -1 -1 
90 30 440 391 65 86 -1 -1 -1 -1 
91 27 66 254 59 38 -1 -1 -1 -1 
91 29 240 207 29 22 -1 -1 -1 -1 
91 30 442 432 63 46 -1 -1 -1 -1 
92 27 47 263 57 41 -1 -1 -1 -1 
92 29 229 210 33 24 -1 -1 -1 -1 
93 27 24 267 62 50 -1 -1 -1 -1 
93 29 217 214 36 25 -1 -1 -1 -1 
94 27 1 280 57 56 -1 -1 -1 -1 
94 29 201 223 39 25 -1 -1 -1 -1 
95 27 1 280 57 56 -1 -1 -1 -1 
95 29 186 227 44 28 -1 -1 -1 -1 
96 29 172 232 45 31 -1 -1 -1 -1 
97 29 152 238 50 36 -1 -1 -1 -1 
98 29 134 247 51 35 -1 -1 -1 -1 
99 29 110 256 54 36 -1 -1 -1 -1 
100 29 110 256 54 36 -1 -1 -1 -1 
139 45 207 224 36 22 -1 -1 -1 -1 
204 60 180 214 40 32 -1 -1 -1 -1 
205 60 180 214 40 32 -1 -1 -1 -1 
210 64 370 185 17 12 -1 -1 -1 -1 
211 64 369 186 17 13 -1 -1 -1 -1 
212 64 365 188 18 14 -1 -1 -1 -1 
213 64 361 190 22 16 -1 -1 -1 -1 
214 64 361 191 18 17 -1 -1 -1 -1 
215 64 357 193 19 18 -1 -1 -1 -1 
216 64 350 196 24 19 -1 -1 -1 -1 
217 64 348 198 23 20 -1 -1 -1 -1 
218 64 341 202 25 22 -1 -1 -1 -1 
219 64 335 206 27 24 -1 -1 -1 -1 
220 64 322 211 33 30 -1 -1 -1 -1 
221 64 314 215 37 32 -1 -1 -1 -1 
222 64 302 222 42 38 -1 -1 -1 -1 
223 64 302 222 42 38 -1 -1 -1 -1 
266 74 96 242 52 36 -1 -1 -1 -1 
268 74 63 257 52 37 -1 -1 -1 -1 
269 74 43 264 57 42 -1 -1 -1 -1 
270 74 19 271 62 45 -1 -1 -1 -1 
270 76 244 198 27 22 -1 -1 -1 -1 
271 74 19 271 62 45 -1 -1 -1 -1 
272 76 222 205 33 23 -1 -1 -1 -1 
273 76 211 210 34 25 -1 -1 -1 -1 
274 76 193 214 40 28 -1 -1 -1 -1 
275 76 176 221 42 31 -1 -1 -1 -1 
276 76 165 225 46 33 -1 -1 -1 -1 
347 95 424 227 25 24 -1 -1 -1 -1 
348 95 425 230 25 25 -1 -1 -1 -1 
349 95 428 237 23 26 -1 -1 -1 -1 
350 95 428 241 26 29 -1 -1 -1 -1 
351 95 429 247 27 31 -1 -1 -1 -1 
351 97 362 191 21 16 -1 -1 -1 -1 
352 95 430 254 29 31 -1 -1 -1 -1 
352 97 361 192 18 17 -1 -1 -1 -1 
353 95 427 261 35 37 -1 -1 -1 -1 
353 97 358 194 19 18 -1 -1 -1 -1 
354 95 427 261 35 37 -1 -1 -1 -1 
355 97 349 197 21 21 -1 -1 -1 -1 
356 97 343 200 24 23 -1 -1 -1 -1 
357 97 337 204 27 24 -1 -1 -1 -1 
358 97 330 207 28 27 -1 -1 -1 -1 
359 97 322 212 31 29 -1 -1 -1 -1 
359 99 441 342 49 77 -1 -1 -1 -1 
360 97 322 212 31 29 -1 -1 -1 -1 
360 99 440 378 60 96 -1 -1 -1 -1 
361 99 442 413 65 66 -1 -1 -1 -1 
362 99 442 413 65 66 -1 -1 -1 -1 
363 101 363 189 26 20 -1 -1 -1 -1 
364 101 358 189 30 23 -1 -1 -1 -1 
365 101 355 190 32 26 -1 -1 -1 -1 
365 103 319 176 15 13 -1 -1 -1 -1 
366 97 352 196 27 25 -1 -1 -1 -1 
366 101 355 190 32 26 -1 -1 -1 -1 
367 97 347 201 29 24 -1 -1 -1 -1 
367 103 311 180 17 12 -1 -1 -1 -1 
368 97 344 203 26 26 -1 -1 -1 -1 
368 103 307 182 17 11 -1 -1 -1 -1 
369 97 339 206 29 28 -1 -1 -1 -1 
369 103 301 182 19 15 -1 -1 -1 -1 
370 97 332 209 31 32 -1 -1 -1 -1 
370 103 296 184 21 16 -1 -1 -1 -1 
371 97 323 215 35 34 -1 -1 -1 -1 
371 103 293 187 20 14 -1 -1 -1 -1 
372 97 323 215 35 34 -1 -1 -1 -1 
373 103 278 190 23 18 -1 -1 -1 -1 
374 103 270 193 26 19 -1 -1 -1 -1 
375 103 260 197 30 19 -1 -1 -1 -1 
376 103 255 199 30 21 -1 -1 -1 -1 
376 108 222 259 90 94 -1 -1 -1 -1 
377 103 245 201 31 23 -1 -1 -1 -1 
377 108 163 277 129 127 -1 -1 -1 -1 
378 103 234 204 34 26 -1 -1 -1 -1 
378 108 100 307 162 169 -1 -1 -1 -1 
379 103 220 211 36 27 -1 -1 -1 -1 
380 103 205 215 40 30 -1 -1 -1 -1 
381 103 189 222 45 27 -1 -1 -1 -1 
382 103 172 228 47 35 -1 -1 -1 -1 
383 103 151 236 53 38 -1 -1 -1 -1 
384 103 127 245 58 41 -1 -1 -1 -1 
430 117 371 179 16 12 -1 -1 -1 -1 
432 117 363 183 19 12 -1 -1 -1 -1 
433 117 363 185 17 12 -1 -1 -1 -1 
434 117 362 186 17 13 -1 -1 -1 -1 
435 117 359 188 18 13 -1 -1 -1 -1 
436 117 356 189 20 15 -1 -1 -1 -1 
437 117 352 192 20 14 -1 -1 -1 -1 
438 117 349 191 21 20 -1 -1 -1 -1 
439 117 343 196 24 19 -1 -1 -1 -1 
440 117 337 199 26 21 -1 -1 -1 -1 
441 117 330 202 31 22 -1 -1 -1 -1 
441 120 368 197 21 15 -1 -1 -1 -1 
442 117 324 204 31 27 -1 -1 -1 -1 
442 120 365 195 22 20 -1 -1 -1 -1 
443 117 312 210 35 31 -1 -1 -1 -1 
443 120 360 197 28 22 -1 -1 -1 -1 
444 117 295 217 43 36 -1 -1 -1 -1 
444 120 357 194 31 29 -1 -1 -1 -1 
444 122 277 191 20 17 -1 -1 -1 -1 
445 117 295 217 43 36 -1 -1 -1 -1 
445 120 350 206 29 23 -1 -1 -1 -1 
445 122 268 195 21 17 -1 -1 -1 -1 
446 120 344 209 31 25 -1 -1 -1 -1 
446 122 255 196 28 20 -1 -1 -1 -1 
447 120 336 215 32 25 -1 -1 -1 -1 
447 122 290 191 25 19 -1 -1 -1 -1 
448 120 328 218 35 31 -1 -1 -1 -1 
448 122 290 191 25 19 -1 -1 -1 -1 
449 120 315 223 43 38 -1 -1 -1 -1 
449 122 358 184 20 20 -1 -1 -1 -1 
449 127 219 210 36 24 -1 -1 -1 -1 
450 120 303 232 47 40 -1 -1 -1 -1 
450 122 357 186 20 19 -1 -1 -1 -1 
450 127 209 215 35 25 -1 -1 -1 -1 
451 120 303 232 47 40 -1 -1 -1 -1 
451 122 353 188 22 21 -1 -1 -1 -1 
451 127 189 223 41 28 -1 -1 -1 -1 
452 122 353 188 22 21 -1 -1 -1 -1 
452 127 172 228 43 32 -1 -1 -1 -1 
452 130 250 208 26 18 -1 -1 -1 -1 
453 122 342 189 26 28 -1 -1 -1 -1 
453 127 143 239 51 35 -1 -1 -1 -1 
453 130 250 208 26 18 -1 -1 -1 -1 
454 122 340 192 24 28 -1 -1 -1 -1 
454 127 116 248 59 40 -1 -1 -1 -1 
455 122 334 197 26 28 -1 -1 -1 -1 
455 127 83 262 62 45 -1 -1 -1 -1 
455 130 210 224 31 19 -1 -1 -1 -1 
456 122 327 199 28 34 -1 -1 -1 -1 
456 127 48 275 69 54 -1 -1 -1 -1 
456 130 186 229 44 27 -1 -1 -1 -1 
457 122 314 204 33 36 -1 -1 -1 -1 
459 122 292 213 41 44 -1 -1 -1 -1 
460 122 292 213 41 44 -1 -1 -1 -1 
504 140 365 186 18 12 -1 -1 -1 -1 
505 140 361 186 17 15 -1 -1 -1 -1 
506 140 358 187 19 16 -1 -1 -1 -1 
507 140 352 191 21 18 -1 -1 -1 -1 
507 141 341 170 15 12 -1 -1 -1 -1 
507 142 304 184 21 16 -1 -1 -1 -1 
508 140 343 192 24 23 -1 -1 -1 -1 
508 141 337 171 16 14 -1 -1 -1 -1 
508 142 295 186 22 17 -1 -1 -1 -1 
509 140 338 196 27 22 -1 -1 -1 -1 
509 141 336 171 16 16 -1 -1 -1 -1 
509 142 292 188 23 17 -1 -1 -1 -1 
510 140 327 201 28 27 -1 -1 -1 -1 
510 141 333 173 15 16 -1 -1 -1 -1 
510 142 283 192 19 18 -1 -1 -1 -1 
511 140 321 205 31 29 -1 -1 -1 -1 
511 141 330 173 17 17 -1 -1 -1 -1 
511 142 278 194 20 19 -1 -1 -1 -1 
512 140 298 214 41 35 -1 -1 -1 -1 
512 141 322 176 20 17 -1 -1 -1 -1 
512 142 262 198 28 22 -1 -1 -1 -1 
513 140 278 219 51 46 -1 -1 -1 -1 
513 141 322 176 20 17 -1 -1 -1 -1 
514 140 253 232 61 54 -1 -1 -1 -1 
514 142 245 207 29 22 -1 -1 -1 -1 
515 140 253 232 61 54 -1 -1 -1 -1 
515 142 226 213 37 23 -1 -1 -1 -1 
516 141 304 188 23 15 -1 -1 -1 -1 
516 142 214 216 37 27 -1 -1 -1 -1 
517 141 315 175 17 14 -1 -1 -1 -1 
517 142 200 223 41 28 -1 -1 -1 -1 
518 141 311 176 16 14 -1 -1 -1 -1 
518 142 175 231 45 33 -1 -1 -1 -1 
519 141 307 178 19 14 -1 -1 -1 -1 
519 142 153 240 47 32 -1 -1 -1 -1 
519 144 281 198 22 16 -1 -1 -1 -1 
520 141 304 181 18 12 -1 -1 -1 -1 
520 142 129 251 51 30 -1 -1 -1 -1 
520 144 272 202 25 16 -1 -1 -1 -1 
521 141 373 184 14 11 -1 -1 -1 -1 
521 142 129 251 51 30 -1 -1 -1 -1 
521 144 298 183 21 12 -1 -1 -1 -1 
522 141 370 186 16 12 -1 -1 -1 -1 
522 144 294 184 23 15 -1 -1 -1 -1 
523 141 367 188 17 12 -1 -1 -1 -1 
523 144 294 185 18 15 -1 -1 -1 -1 
524 141 364 189 19 13 -1 -1 -1 -1 
524 144 290 187 17 15 -1 -1 -1 -1 
525 141 285 190 18 14 -1 -1 -1 -1 
525 144 361 190 19 15 -1 -1 -1 -1 
526 141 285 190 18 14 -1 -1 -1 -1 
526 144 278 190 21 16 -1 -1 -1 -1 
527 144 273 191 21 18 -1 -1 -1 -1 
528 141 349 197 23 18 -1 -1 -1 -1 
528 144 267 193 23 20 -1 -1 -1 -1 
529 141 344 198 27 21 -1 -1 -1 -1 
529 144 261 196 24 19 -1 -1 -1 -1 
530 141 337 201 27 24 -1 -1 -1 -1 
530 144 252 200 26 20 -1 -1 -1 -1 
531 141 334 207 26 25 -1 -1 -1 -1 
531 144 245 203 27 22 -1 -1 -1 -1 
532 141 334 207 26 25 -1 -1 -1 -1 
532 144 234 207 29 21 -1 -1 -1 -1 
533 144 223 209 34 25 -1 -1 -1 -1 
534 144 213 214 37 25 -1 -1 -1 -1 
535 144 201 217 37 28 -1 -1 -1 -1 
536 144 188 222 43 29 -1 -1 -1 -1 
537 144 171 228 43 33 -1 -1 -1 -1 
538 144 153 234 48 36 -1 -1 -1 -1 
539 144 138 240 50 38 -1 -1 -1 -1 
540 144 115 248 57 39 -1 -1 -1 -1 
541 144 96 255 58 41 -1 -1 -1 -1 
542 144 70 263 65 49 -1 -1 -1 -1 
543 144 44 275 67 52 -1 -1 -1 -1 
554 169 449 290 18 38 -1 -1 -1 -1 
561 141 291 186 20 15 -1 -1 -1 -1 
568 175 240 202 30 22 -1 -1 -1 -1 
569 175 230 206 32 24 -1 -1 -1 -1 
570 175 214 211 35 27 -1 -1 -1 -1 
571 175 203 217 36 26 -1 -1 -1 -1 
572 175 183 225 40 29 -1 -1 -1 -1 
573 175 166 230 47 32 -1 -1 -1 -1 
574 175 146 239 48 33 -1 -1 -1 -1 
575 175 130 243 50 38 -1 -1 -1 -1 
575 182 152 220 43 26 -1 -1 -1 -1 
576 175 98 254 58 43 -1 -1 -1 -1 
576 182 152 220 43 26 -1 -1 -1 -1 
577 175 67 265 64 51 -1 -1 -1 -1 
578 175 67 265 64 51 -1 -1 -1 -1 
594 189 423 210 22 16 -1 -1 -1 -1 
595 189 423 211 22 18 -1 -1 -1 -1 
596 189 424 210 22 21 -1 -1 -1 -1 
597 189 424 214 23 21 -1 -1 -1 -1 
598 189 424 217 23 21 -1 -1 -1 -1 
599 189 425 219 24 21 -1 -1 -1 -1 
600 189 425 222 23 22 -1 -1 -1 -1 
601 189 426 225 23 22 -1 -1 -1 -1 
602 189 426 227 24 23 -1 -1 -1 -1 
603 189 426 229 25 24 -1 -1 -1 -1 
604 189 426 233 26 25 -1 -1 -1 -1 
605 189 427 236 26 26 -1 -1 -1 -1 
605 190 541 395 22 49 -1 -1 -1 -1 
606 189 426 239 29 28 -1 -1 -1 -1 
606 190 542 392 19 41 -1 -1 -1 -1 
607 189 428 244 29 29 -1 -1 -1 -1 
607 190 541 381 20 48 -1 -1 -1 -1 
608 189 428 248 30 30 -1 -1 -1 -1 
608 190 539 380 21 44 -1 -1 -1 -1 
609 189 429 252 31 32 -1 -1 -1 -1 
609 190 538 376 21 45 -1 -1 -1 -1 
610 189 429 257 34 37 -1 -1 -1 -1 
610 190 537 371 20 44 -1 -1 -1 -1 
610 191 427 222 24 25 -1 -1 -1 -1 
611 189 429 262 35 39 -1 -1 -1 -1 
611 190 537 371 20 44 -1 -1 -1 -1 
612 189 430 267 37 44 -1 -1 -1 -1 
612 191 429 222 24 31 -1 -1 -1 -1 
613 189 430 267 37 44 -1 -1 -1 -1 
614 191 429 230 27 33 -1 -1 -1 -1 
615 191 430 238 27 30 -1 -1 -1 -1 
616 191 433 240 28 33 -1 -1 -1 -1 
616 192 435 297 47 59 -1 -1 -1 -1 
617 191 433 240 28 33 -1 -1 -1 -1 
618 192 438 326 59 76 -1 -1 -1 -1 
619 192 444 339 60 82 -1 -1 -1 -1 
620 192 448 357 66 86 -1 -1 -1 -1 
621 192 453 379 74 100 -1 -1 -1 -1 
622 192 458 401 76 77 -1 -1 -1 -1 
623 192 458 401 76 77 -1 -1 -1 -1 
630 198 445 317 51 84 -1 -1 -1 -1 
631 198 447 327 54 92 -1 -1 -1 -1 
632 198 446 341 60 94 -1 -1 -1 -1 
633 198 449 357 61 100 -1 -1 -1 -1 
633 199 505 303 13 32 -1 -1 -1 -1 
634 198 451 367 66 109 -1 -1 -1 -1 
634 199 503 300 15 36 -1 -1 -1 -1 
635 198 451 367 66 109 -1 -1 -1 -1 
636 199 503 300 14 29 -1 -1 -1 -1 
645 203 368 177 18 15 -1 -1 -1 -1 
646 203 366 178 20 17 -1 -1 -1 -1 
647 203 362 181 23 15 -1 -1 -1 -1 
648 203 361 182 23 16 -1 -1 -1 -1 
649 203 363 182 20 17 -1 -1 -1 -1 
650 203 358 183 25 18 -1 -1 -1 -1 
651 203 351 183 29 21 -1 -1 -1 -1 
652 203 354 184 24 22 -1 -1 -1 -1 
652 207 298 182 22 19 -1 -1 -1 -1 
653 203 341 187 34 23 -1 -1 -1 -1 
653 207 296 183 21 19 -1 -1 -1 -1 
654 203 347 187 25 25 -1 -1 -1 -1 
654 207 293 183 20 20 -1 -1 -1 -1 
655 203 343 189 25 27 -1 -1 -1 -1 
655 207 283 187 25 21 -1 -1 -1 -1 
655 208 195 212 38 23 -1 -1 -1 -1 
656 203 339 194 26 27 -1 -1 -1 -1 
656 207 281 190 23 18 -1 -1 -1 -1 
656 208 187 212 36 26 -1 -1 -1 -1 
657 203 331 198 29 27 -1 -1 -1 -1 
657 207 271 192 27 19 -1 -1 -1 -1 
657 208 169 221 40 26 -1 -1 -1 -1 
658 203 324 201 32 31 -1 -1 -1 -1 
658 207 263 192 30 20 -1 -1 -1 -1 
658 208 154 226 43 27 -1 -1 -1 -1 
659 203 312 205 36 38 -1 -1 -1 -1 
659 207 254 195 31 22 -1 -1 -1 -1 
659 208 126 235 55 29 -1 -1 -1 -1 
660 203 312 205 36 38 -1 -1 -1 -1 
660 207 250 198 25 21 -1 -1 -1 -1 
660 208 106 244 54 33 -1 -1 -1 -1 
661 207 238 200 31 23 -1 -1 -1 -1 
661 208 83 251 61 36 -1 -1 -1 -1 
662 207 224 204 35 25 -1 -1 -1 -1 
662 208 55 264 63 39 -1 -1 -1 -1 
663 207 216 209 35 25 -1 -1 -1 -1 
663 208 27 271 68 45 -1 -1 -1 -1 
664 207 204 212 35 19 -1 -1 -1 -1 
664 208 0 287 63 51 -1 -1 -1 -1 
664 211 172 219 118 135 -1 -1 -1 -1 
665 207 204 212 35 19 -1 -1 -1 -1 
666 211 8 256 215 223 -1 -1 -1 -1 
667 211 8 256 215 223 -1 -1 -1 -1 
669 213 118 242 53 43 -1 -1 -1 -1 
670 213 94 252 57 46 -1 -1 -1 -1 
671 213 67 260 65 51 -1 -1 -1 -1 
672 213 37 273 69 54 -1 -1 -1 -1 
673 213 2 281 78 63 -1 -1 -1 -1 
