4 2 299 186 20 16 -1 -1 -1 -1 
4 3 363 185 20 14 -1 -1 -1 -1 
5 2 293 187 21 17 -1 -1 -1 -1 
5 3 361 186 18 15 -1 -1 -1 -1 
6 2 285 190 22 18 -1 -1 -1 -1 
6 3 358 187 20 17 -1 -1 -1 -1 
7 2 276 192 26 19 -1 -1 -1 -1 
7 3 354 190 20 18 -1 -1 -1 -1 
8 2 269 195 27 19 -1 -1 -1 -1 
8 3 348 191 24 21 -1 -1 -1 -1 
9 2 257 199 31 21 -1 -1 -1 -1 
9 3 343 192 24 23 -1 -1 -1 -1 
10 2 250 203 30 22 -1 -1 -1 -1 
10 3 336 196 28 25 -1 -1 -1 -1 
11 2 239 207 31 25 -1 -1 -1 -1 
11 3 327 201 30 27 -1 -1 -1 -1 
11 5 445 368 60 108 -1 -1 -1 -1 
12 2 225 214 35 24 -1 -1 -1 -1 
12 3 313 208 36 30 -1 -1 -1 -1 
12 5 447 395 65 84 -1 -1 -1 -1 
13 2 211 217 37 26 -1 -1 -1 -1 
13 3 303 211 39 34 -1 -1 -1 -1 
13 5 447 395 65 84 -1 -1 -1 -1 
14 2 189 226 45 29 -1 -1 -1 -1 
14 3 281 218 50 43 -1 -1 -1 -1 
15 2 171 234 45 33 -1 -1 -1 -1 
15 3 253 225 63 59 -1 -1 -1 -1 
15 7 305 183 18 15 -1 -1 -1 -1 
16 2 149 241 52 36 -1 -1 -1 -1 
16 3 226 238 74 72 -1 -1 -1 -1 
16 7 299 184 20 16 -1 -1 -1 -1 
17 2 134 248 53 36 -1 -1 -1 -1 
17 3 189 251 96 87 -1 -1 -1 -1 
17 7 299 184 20 16 -1 -1 -1 -1 
18 2 112 256 63 46 -1 -1 -1 -1 
18 3 137 266 126 109 -1 -1 -1 -1 
19 2 93 267 59 38 -1 -1 -1 -1 
19 3 137 266 126 109 -1 -1 -1 -1 
20 2 93 267 59 38 -1 -1 -1 -1 
20 7 281 191 23 16 -1 -1 -1 -1 
21 7 281 191 23 16 -1 -1 -1 -1 
22 7 269 195 28 17 -1 -1 -1 -1 
23 7 265 198 27 17 -1 -1 -1 -1 
27 17 421 208 19 19 -1 -1 -1 -1 
28 17 423 211 18 21 -1 -1 -1 -1 
29 17 424 215 18 21 -1 -1 -1 -1 
30 17 424 218 21 23 -1 -1 -1 -1 
30 19 510 311 13 34 -1 -1 -1 -1 
31 17 424 223 23 23 -1 -1 -1 -1 
31 19 510 311 13 34 -1 -1 -1 -1 
32 17 424 227 25 26 -1 -1 -1 -1 
32 20 175 229 47 30 -1 -1 -1 -1 
33 17 425 233 26 26 -1 -1 -1 -1 
33 19 509 318 16 36 -1 -1 -1 -1 
33 20 163 232 46 33 -1 -1 -1 -1 
34 17 426 237 27 30 -1 -1 -1 -1 
34 19 509 318 16 36 -1 -1 -1 -1 
34 20 138 241 57 39 -1 -1 -1 -1 
35 17 426 243 29 32 -1 -1 -1 -1 
35 20 123 248 54 35 -1 -1 -1 -1 
36 17 428 248 29 36 -1 -1 -1 -1 
47 28 447 393 63 85 -1 -1 -1 -1 
66 31 362 192 19 14 -1 -1 -1 -1 
67 31 357 194 20 16 -1 -1 -1 -1 
67 32 308 183 19 17 -1 -1 -1 -1 
68 31 355 196 20 16 -1 -1 -1 -1 
68 32 303 184 21 18 -1 -1 -1 -1 
69 31 348 198 23 19 -1 -1 -1 -1 
69 32 298 187 20 16 -1 -1 -1 -1 
70 31 342 200 25 21 -1 -1 -1 -1 
70 32 294 189 19 15 -1 -1 -1 -1 
71 31 336 204 28 22 -1 -1 -1 -1 
71 32 289 191 19 16 -1 -1 -1 -1 
72 31 326 209 31 27 -1 -1 -1 -1 
72 32 279 194 22 18 -1 -1 -1 -1 
73 31 317 215 35 29 -1 -1 -1 -1 
73 32 272 196 24 20 -1 -1 -1 -1 
74 31 296 220 47 36 -1 -1 -1 -1 
74 32 261 199 28 21 -1 -1 -1 -1 
75 31 296 220 47 36 -1 -1 -1 -1 
76 32 243 207 31 22 -1 -1 -1 -1 
77 32 232 210 33 25 -1 -1 -1 -1 
78 32 213 216 38 26 -1 -1 -1 -1 
79 32 199 221 41 28 -1 -1 -1 -1 
80 32 183 229 43 30 -1 -1 -1 -1 
81 32 155 237 49 31 -1 -1 -1 -1 
82 32 134 248 51 31 -1 -1 -1 -1 
89 43 211 210 32 24 -1 -1 -1 -1 
90 43 200 213 33 25 -1 -1 -1 -1 
91 43 182 219 40 27 -1 -1 -1 -1 
91 44 330 180 14 10 -1 -1 -1 -1 
92 43 182 219 40 27 -1 -1 -1 -1 
93 44 326 182 15 10 -1 -1 -1 -1 
94 44 322 185 15 9 -1 -1 -1 -1 
95 44 321 186 15 9 -1 -1 -1 -1 
96 44 316 187 17 11 -1 -1 -1 -1 
97 44 311 189 20 12 -1 -1 -1 -1 
98 44 305 189 23 12 -1 -1 -1 -1 
99 44 304 191 21 13 -1 -1 -1 -1 
100 44 302 193 19 13 -1 -1 -1 -1 
101 44 299 195 21 12 -1 -1 -1 -1 
102 44 296 196 20 14 -1 -1 -1 -1 
103 44 291 199 22 12 -1 -1 -1 -1 
104 44 286 202 20 12 -1 -1 -1 -1 
105 44 279 205 23 12 -1 -1 -1 -1 
106 44 274 209 20 11 -1 -1 -1 -1 
