3 1 418 196 20 19 -1 -1 -1 -1 
4 1 421 196 17 21 -1 -1 -1 -1 
5 1 421 196 19 24 -1 -1 -1 -1 
6 1 421 203 19 19 -1 -1 -1 -1 
7 1 422 203 19 21 -1 -1 -1 -1 
8 1 423 204 19 25 -1 -1 -1 -1 
9 1 423 203 20 29 -1 -1 -1 -1 
10 1 423 206 21 30 -1 -1 -1 -1 
11 1 424 208 21 34 -1 -1 -1 -1 
12 1 424 218 22 31 -1 -1 -1 -1 
13 1 424 217 24 37 -1 -1 -1 -1 
14 1 425 225 24 36 -1 -1 -1 -1 
15 1 425 234 27 32 -1 -1 -1 -1 
16 1 426 238 27 36 -1 -1 -1 -1 
16 15 366 192 18 18 -1 -1 -1 -1 
17 1 427 244 30 41 -1 -1 -1 -1 
17 15 361 195 21 19 -1 -1 -1 -1 
17 16 426 222 24 21 -1 -1 -1 -1 
18 1 426 253 34 43 -1 -1 -1 -1 
18 15 355 196 24 23 -1 -1 -1 -1 
18 16 427 226 23 23 -1 -1 -1 -1 
19 1 426 253 34 43 -1 -1 -1 -1 
19 15 348 205 27 22 -1 -1 -1 -1 
20 15 343 208 27 26 -1 -1 -1 -1 
20 16 427 235 28 31 -1 -1 -1 -1 
21 15 335 214 32 27 -1 -1 -1 -1 
21 16 428 238 29 36 -1 -1 -1 -1 
22 15 324 220 37 33 -1 -1 -1 -1 
22 16 430 243 30 36 -1 -1 -1 -1 
23 15 313 229 43 38 -1 -1 -1 -1 
23 16 431 251 32 35 -1 -1 -1 -1 
23 18 431 302 48 78 -1 -1 -1 -1 
24 15 293 239 54 46 -1 -1 -1 -1 
24 16 432 257 33 38 -1 -1 -1 -1 
24 18 430 318 54 89 -1 -1 -1 -1 
25 15 293 239 54 46 -1 -1 -1 -1 
25 16 433 267 37 43 -1 -1 -1 -1 
25 18 431 340 62 104 -1 -1 -1 -1 
26 16 433 275 40 45 -1 -1 -1 -1 
26 18 432 363 68 113 -1 -1 -1 -1 
27 16 435 285 46 49 -1 -1 -1 -1 
27 18 434 389 73 90 -1 -1 -1 -1 
28 16 436 291 47 59 -1 -1 -1 -1 
29 16 438 308 51 61 -1 -1 -1 -1 
30 16 443 335 59 77 -1 -1 -1 -1 
46 1 339 170 14 12 -1 -1 -1 -1 
47 1 339 170 14 12 -1 -1 -1 -1 
53 1 341 178 13 12 -1 -1 -1 -1 
54 1 337 182 11 9 -1 -1 -1 -1 
55 1 337 182 11 9 -1 -1 -1 -1 
61 44 417 195 19 16 -1 -1 -1 -1 
62 44 419 202 18 12 -1 -1 -1 -1 
63 44 419 208 19 11 -1 -1 -1 -1 
64 44 421 213 18 12 -1 -1 -1 -1 
65 44 421 215 20 17 -1 -1 -1 -1 
66 44 421 219 21 20 -1 -1 -1 -1 
67 44 422 226 23 23 -1 -1 -1 -1 
68 44 423 233 24 29 -1 -1 -1 -1 
68 57 442 188 20 17 -1 -1 -1 -1 
69 44 424 246 29 36 -1 -1 -1 -1 
69 57 445 191 20 18 -1 -1 -1 -1 
70 44 426 260 35 44 -1 -1 -1 -1 
70 57 445 191 20 18 -1 -1 -1 -1 
71 44 426 260 35 44 -1 -1 -1 -1 
107 86 448 192 15 17 -1 -1 -1 -1 
108 86 447 192 16 17 -1 -1 -1 -1 
109 86 447 192 16 17 -1 -1 -1 -1 
110 86 448 192 15 17 -1 -1 -1 -1 
111 86 448 192 15 17 -1 -1 -1 -1 
113 86 448 193 15 16 -1 -1 -1 -1 
115 86 449 193 14 16 -1 -1 -1 -1 
116 86 448 194 15 15 -1 -1 -1 -1 
117 86 448 194 15 15 -1 -1 -1 -1 
118 86 372 176 16 14 -1 -1 -1 -1 
119 86 372 176 16 14 -1 -1 -1 -1 
121 86 380 179 13 12 -1 -1 -1 -1 
122 86 373 182 17 15 -1 -1 -1 -1 
123 86 369 188 17 15 -1 -1 -1 -1 
124 86 369 188 17 15 -1 -1 -1 -1 
127 86 371 184 15 15 -1 -1 -1 -1 
128 86 362 189 18 17 -1 -1 -1 -1 
129 86 350 196 22 20 -1 -1 -1 -1 
130 86 350 196 22 20 -1 -1 -1 -1 
133 86 365 191 19 16 -1 -1 -1 -1 
134 86 353 195 21 22 -1 -1 -1 -1 
135 86 353 195 21 22 -1 -1 -1 -1 
147 86 371 188 17 14 -1 -1 -1 -1 
148 86 371 188 17 14 -1 -1 -1 -1 
160 86 418 194 17 15 -1 -1 -1 -1 
161 86 417 198 18 15 -1 -1 -1 -1 
162 86 418 204 18 15 -1 -1 -1 -1 
163 86 418 208 18 16 -1 -1 -1 -1 
164 86 420 210 19 23 -1 -1 -1 -1 
165 86 422 214 18 26 -1 -1 -1 -1 
166 86 423 222 22 27 -1 -1 -1 -1 
167 86 424 230 23 33 -1 -1 -1 -1 
168 86 424 239 28 37 -1 -1 -1 -1 
168 146 447 193 17 16 -1 -1 -1 -1 
169 86 424 254 31 41 -1 -1 -1 -1 
169 146 448 191 16 19 -1 -1 -1 -1 
170 86 424 254 31 41 -1 -1 -1 -1 
171 146 448 191 16 19 -1 -1 -1 -1 
172 146 447 192 18 17 -1 -1 -1 -1 
173 146 447 193 18 16 -1 -1 -1 -1 
176 146 448 191 16 18 -1 -1 -1 -1 
177 146 448 191 16 18 -1 -1 -1 -1 
178 146 448 191 16 18 -1 -1 -1 -1 
181 146 447 191 17 18 -1 -1 -1 -1 
183 146 447 190 18 19 -1 -1 -1 -1 
190 146 445 192 18 18 -1 -1 -1 -1 
191 146 445 193 19 18 -1 -1 -1 -1 
192 86 365 187 16 15 -1 -1 -1 -1 
192 146 444 194 18 18 -1 -1 -1 -1 
193 86 348 196 22 20 -1 -1 -1 -1 
193 146 439 198 20 15 -1 -1 -1 -1 
194 86 348 196 22 20 -1 -1 -1 -1 
194 146 436 200 19 18 -1 -1 -1 -1 
195 146 433 202 21 20 -1 -1 -1 -1 
196 146 431 206 22 21 -1 -1 -1 -1 
197 146 430 213 20 20 -1 -1 -1 -1 
198 146 429 218 21 25 -1 -1 -1 -1 
199 146 428 227 22 27 -1 -1 -1 -1 
200 146 427 239 26 28 -1 -1 -1 -1 
201 146 427 239 26 28 -1 -1 -1 -1 
204 86 356 189 19 21 -1 -1 -1 -1 
204 179 518 398 30 52 -1 -1 -1 -1 
205 86 338 201 25 24 -1 -1 -1 -1 
205 179 518 398 30 52 -1 -1 -1 -1 
206 86 338 201 25 24 -1 -1 -1 -1 
211 86 361 200 21 20 -1 -1 -1 -1 
212 86 361 200 21 20 -1 -1 -1 -1 
217 86 347 172 13 10 -1 -1 -1 -1 
226 86 339 178 13 11 -1 -1 -1 -1 
227 86 330 183 15 11 -1 -1 -1 -1 
228 86 330 183 15 11 -1 -1 -1 -1 
239 86 371 188 15 13 -1 -1 -1 -1 
240 86 371 188 15 13 -1 -1 -1 -1 
240 204 527 359 18 50 -1 -1 -1 -1 
241 86 368 185 16 14 -1 -1 -1 -1 
241 204 531 373 20 45 -1 -1 -1 -1 
242 86 330 172 13 11 -1 -1 -1 -1 
242 204 531 373 20 45 -1 -1 -1 -1 
243 86 330 172 13 11 -1 -1 -1 -1 
245 86 297 186 19 15 -1 -1 -1 -1 
246 86 281 191 20 18 -1 -1 -1 -1 
246 219 531 361 18 48 -1 -1 -1 -1 
247 86 281 191 20 18 -1 -1 -1 -1 
247 219 535 374 20 49 -1 -1 -1 -1 
248 219 540 388 25 54 -1 -1 -1 -1 
249 219 548 405 21 44 -1 -1 -1 -1 
250 219 553 422 25 57 -1 -1 -1 -1 
251 219 553 422 25 57 -1 -1 -1 -1 
255 86 374 182 15 12 -1 -1 -1 -1 
256 86 368 186 17 15 -1 -1 -1 -1 
257 86 368 186 17 15 -1 -1 -1 -1 
259 86 329 176 15 12 -1 -1 -1 -1 
260 86 319 179 16 14 -1 -1 -1 -1 
261 86 319 179 16 14 -1 -1 -1 -1 
285 86 367 189 18 15 -1 -1 -1 -1 
286 86 367 189 18 15 -1 -1 -1 -1 
290 86 362 189 18 17 -1 -1 -1 -1 
291 86 349 196 22 21 -1 -1 -1 -1 
292 86 349 196 22 21 -1 -1 -1 -1 
300 86 294 188 23 16 -1 -1 -1 -1 
301 86 294 188 23 16 -1 -1 -1 -1 
305 86 390 178 14 13 -1 -1 -1 -1 
306 86 390 178 14 13 -1 -1 -1 -1 
314 86 263 192 27 19 -1 -1 -1 -1 
315 86 263 192 27 19 -1 -1 -1 -1 
320 86 289 187 18 14 -1 -1 -1 -1 
320 278 328 205 51 62 -1 -1 -1 -1 
321 86 322 181 16 14 -1 -1 -1 -1 
321 278 328 205 51 62 -1 -1 -1 -1 
322 86 311 186 19 14 -1 -1 -1 -1 
323 86 368 188 17 16 -1 -1 -1 -1 
324 86 368 188 17 16 -1 -1 -1 -1 
328 292 271 233 61 58 -1 -1 -1 -1 
329 292 271 233 61 58 -1 -1 -1 -1 
363 298 364 190 17 15 -1 -1 -1 -1 
364 298 362 193 16 14 -1 -1 -1 -1 
365 298 357 196 18 16 -1 -1 -1 -1 
366 298 350 199 22 18 -1 -1 -1 -1 
367 298 343 200 25 23 -1 -1 -1 -1 
368 298 332 207 28 24 -1 -1 -1 -1 
369 298 320 213 32 28 -1 -1 -1 -1 
370 298 302 220 42 34 -1 -1 -1 -1 
371 298 302 220 42 34 -1 -1 -1 -1 
391 311 228 203 29 23 -1 -1 -1 -1 
392 311 213 208 35 23 -1 -1 -1 -1 
392 312 415 197 22 18 -1 -1 -1 -1 
393 311 204 210 33 26 -1 -1 -1 -1 
393 312 419 203 18 14 -1 -1 -1 -1 
394 311 187 217 35 28 -1 -1 -1 -1 
394 312 421 207 17 13 -1 -1 -1 -1 
395 311 166 224 44 30 -1 -1 -1 -1 
395 312 421 208 18 16 -1 -1 -1 -1 
396 311 151 228 44 33 -1 -1 -1 -1 
396 312 421 210 19 19 -1 -1 -1 -1 
397 311 124 238 50 37 -1 -1 -1 -1 
397 312 422 212 20 21 -1 -1 -1 -1 
397 319 211 217 37 26 -1 -1 -1 -1 
398 311 104 246 53 41 -1 -1 -1 -1 
398 312 422 216 22 22 -1 -1 -1 -1 
399 311 78 254 58 45 -1 -1 -1 -1 
399 312 422 220 23 23 -1 -1 -1 -1 
400 311 48 264 67 49 -1 -1 -1 -1 
400 312 423 224 24 25 -1 -1 -1 -1 
401 311 20 276 68 54 -1 -1 -1 -1 
401 312 422 229 27 25 -1 -1 -1 -1 
402 311 0 288 60 62 -1 -1 -1 -1 
402 312 423 234 27 29 -1 -1 -1 -1 
403 311 0 288 60 62 -1 -1 -1 -1 
404 312 424 246 30 32 -1 -1 -1 -1 
405 312 424 253 33 36 -1 -1 -1 -1 
406 312 424 256 36 42 -1 -1 -1 -1 
406 321 338 173 16 12 -1 -1 -1 -1 
407 312 424 268 40 49 -1 -1 -1 -1 
407 321 336 175 16 12 -1 -1 -1 -1 
408 312 425 279 41 52 -1 -1 -1 -1 
408 321 334 176 16 12 -1 -1 -1 -1 
409 312 427 290 43 60 -1 -1 -1 -1 
409 321 381 187 16 14 -1 -1 -1 -1 
410 312 425 310 55 69 -1 -1 -1 -1 
410 321 380 188 16 16 -1 -1 -1 -1 
411 312 427 329 58 80 -1 -1 -1 -1 
411 321 325 179 18 14 -1 -1 -1 -1 
412 312 429 353 65 93 -1 -1 -1 -1 
412 321 325 179 18 14 -1 -1 -1 -1 
413 312 430 384 73 94 -1 -1 -1 -1 
413 321 321 182 17 15 -1 -1 -1 -1 
413 324 373 193 21 21 -1 -1 -1 -1 
414 312 430 384 73 94 -1 -1 -1 -1 
414 321 318 184 16 14 -1 -1 -1 -1 
415 321 311 186 20 15 -1 -1 -1 -1 
415 324 367 196 23 23 -1 -1 -1 -1 
416 321 311 186 20 15 -1 -1 -1 -1 
417 321 303 189 21 16 -1 -1 -1 -1 
418 321 303 189 21 16 -1 -1 -1 -1 
419 321 294 194 23 16 -1 -1 -1 -1 
419 324 353 207 30 31 -1 -1 -1 -1 
420 321 288 195 24 16 -1 -1 -1 -1 
420 324 347 210 33 35 -1 -1 -1 -1 
421 321 360 190 17 16 -1 -1 -1 -1 
421 324 347 210 33 35 -1 -1 -1 -1 
422 321 277 202 25 16 -1 -1 -1 -1 
423 321 272 204 25 15 -1 -1 -1 -1 
424 321 272 204 25 15 -1 -1 -1 -1 
424 328 338 199 27 21 -1 -1 -1 -1 
425 321 251 213 31 17 -1 -1 -1 -1 
425 328 328 203 30 24 -1 -1 -1 -1 
426 321 241 217 29 18 -1 -1 -1 -1 
426 328 311 207 38 33 -1 -1 -1 -1 
426 330 245 264 104 111 -1 -1 -1 -1 
427 321 228 223 33 17 -1 -1 -1 -1 
427 328 288 216 47 41 -1 -1 -1 -1 
427 330 245 264 104 111 -1 -1 -1 -1 
428 321 216 228 35 22 -1 -1 -1 -1 
428 328 261 225 59 52 -1 -1 -1 -1 
429 321 216 228 35 22 -1 -1 -1 -1 
429 328 261 225 59 52 -1 -1 -1 -1 
444 342 338 181 27 43 -1 -1 -1 -1 
448 343 300 193 48 60 -1 -1 -1 -1 
449 343 289 194 55 65 -1 -1 -1 -1 
450 343 279 196 62 72 -1 -1 -1 -1 
451 343 246 198 80 95 -1 -1 -1 -1 
461 345 366 185 17 14 -1 -1 -1 -1 
462 345 363 187 18 15 -1 -1 -1 -1 
463 345 361 188 17 17 -1 -1 -1 -1 
464 345 355 190 19 19 -1 -1 -1 -1 
465 345 349 194 22 20 -1 -1 -1 -1 
466 345 343 197 25 21 -1 -1 -1 -1 
467 345 334 202 28 23 -1 -1 -1 -1 
468 345 324 208 31 26 -1 -1 -1 -1 
469 345 312 214 37 29 -1 -1 -1 -1 
470 345 291 219 47 40 -1 -1 -1 -1 
471 345 291 219 47 40 -1 -1 -1 -1 
472 347 366 185 20 21 -1 -1 -1 -1 
473 347 362 188 21 21 -1 -1 -1 -1 
474 347 359 191 23 21 -1 -1 -1 -1 
475 347 350 192 29 27 -1 -1 -1 -1 
476 347 342 201 25 23 -1 -1 -1 -1 
477 347 331 206 32 29 -1 -1 -1 -1 
478 347 318 212 37 35 -1 -1 -1 -1 
479 347 302 219 42 45 -1 -1 -1 -1 
479 353 333 199 25 26 -1 -1 -1 -1 
480 347 275 230 58 56 -1 -1 -1 -1 
480 353 319 206 31 26 -1 -1 -1 -1 
481 347 275 230 58 56 -1 -1 -1 -1 
481 353 302 209 37 35 -1 -1 -1 -1 
482 353 291 216 41 35 -1 -1 -1 -1 
483 353 291 216 41 35 -1 -1 -1 -1 
483 354 215 237 74 68 -1 -1 -1 -1 
484 354 215 237 74 68 -1 -1 -1 -1 
487 359 317 177 26 16 -1 -1 -1 -1 
488 359 316 179 25 16 -1 -1 -1 -1 
489 359 312 183 26 14 -1 -1 -1 -1 
490 359 307 184 27 15 -1 -1 -1 -1 
491 359 304 186 25 16 -1 -1 -1 -1 
492 359 301 188 22 14 -1 -1 -1 -1 
493 359 294 187 24 22 -1 -1 -1 -1 
494 359 290 190 24 20 -1 -1 -1 -1 
500 345 343 173 10 9 -1 -1 -1 -1 
500 359 246 204 28 23 -1 -1 -1 -1 
501 345 343 173 10 9 -1 -1 -1 -1 
501 359 236 208 30 22 -1 -1 -1 -1 
502 359 225 212 32 25 -1 -1 -1 -1 
503 359 213 216 34 25 -1 -1 -1 -1 
504 359 199 223 38 26 -1 -1 -1 -1 
505 359 183 227 42 33 -1 -1 -1 -1 
506 359 166 234 44 34 -1 -1 -1 -1 
507 359 147 242 48 32 -1 -1 -1 -1 
508 345 300 188 20 15 -1 -1 -1 -1 
508 359 124 252 54 39 -1 -1 -1 -1 
509 345 293 190 21 17 -1 -1 -1 -1 
509 359 97 262 57 43 -1 -1 -1 -1 
510 345 286 194 21 18 -1 -1 -1 -1 
510 359 66 273 64 47 -1 -1 -1 -1 
512 345 267 201 25 18 -1 -1 -1 -1 
513 345 256 204 28 20 -1 -1 -1 -1 
514 345 248 209 27 20 -1 -1 -1 -1 
515 345 234 215 31 19 -1 -1 -1 -1 
516 345 220 221 33 21 -1 -1 -1 -1 
517 345 203 228 36 23 -1 -1 -1 -1 
518 345 203 228 36 23 -1 -1 -1 -1 
578 374 370 179 15 16 -1 -1 -1 -1 
579 374 369 184 14 11 -1 -1 -1 -1 
579 375 232 198 28 19 -1 -1 -1 -1 
580 374 364 182 19 17 -1 -1 -1 -1 
580 375 220 201 31 23 -1 -1 -1 -1 
581 374 362 186 17 15 -1 -1 -1 -1 
581 375 207 204 33 25 -1 -1 -1 -1 
581 376 258 199 24 21 -1 -1 -1 -1 
582 374 318 179 16 13 -1 -1 -1 -1 
582 375 188 211 38 26 -1 -1 -1 -1 
582 376 249 201 27 25 -1 -1 -1 -1 
583 374 314 181 16 13 -1 -1 -1 -1 
583 375 162 220 45 29 -1 -1 -1 -1 
583 376 240 204 29 24 -1 -1 -1 -1 
584 374 314 181 16 13 -1 -1 -1 -1 
584 375 148 224 48 33 -1 -1 -1 -1 
584 376 234 207 30 25 -1 -1 -1 -1 
585 374 309 184 17 13 -1 -1 -1 -1 
585 375 119 235 50 37 -1 -1 -1 -1 
585 376 234 207 30 25 -1 -1 -1 -1 
586 374 304 185 22 16 -1 -1 -1 -1 
586 375 89 244 57 45 -1 -1 -1 -1 
586 378 334 198 24 25 -1 -1 -1 -1 
587 374 300 186 19 16 -1 -1 -1 -1 
587 375 89 244 57 45 -1 -1 -1 -1 
587 378 322 202 29 29 -1 -1 -1 -1 
588 374 295 189 22 16 -1 -1 -1 -1 
588 378 307 210 34 33 -1 -1 -1 -1 
588 379 183 225 42 31 -1 -1 -1 -1 
589 374 291 188 22 18 -1 -1 -1 -1 
589 378 288 215 44 42 -1 -1 -1 -1 
589 379 168 230 45 34 -1 -1 -1 -1 
590 374 291 188 22 18 -1 -1 -1 -1 
590 378 261 220 59 54 -1 -1 -1 -1 
590 379 152 236 49 36 -1 -1 -1 -1 
591 374 284 192 21 20 -1 -1 -1 -1 
591 378 261 220 59 54 -1 -1 -1 -1 
592 374 284 192 21 20 -1 -1 -1 -1 
592 379 120 249 53 37 -1 -1 -1 -1 
593 379 99 258 57 42 -1 -1 -1 -1 
605 389 301 208 48 53 -1 -1 -1 -1 
606 389 279 209 61 71 -1 -1 -1 -1 
607 389 245 219 80 88 -1 -1 -1 -1 
608 389 194 232 112 122 -1 -1 -1 -1 
609 389 194 232 112 122 -1 -1 -1 -1 
659 397 346 171 11 11 -1 -1 -1 -1 
660 397 345 172 11 10 -1 -1 -1 -1 
661 397 343 171 12 10 -1 -1 -1 -1 
662 397 343 171 12 10 -1 -1 -1 -1 
663 397 337 175 15 11 -1 -1 -1 -1 
664 397 335 174 16 12 -1 -1 -1 -1 
665 397 332 175 16 13 -1 -1 -1 -1 
666 397 330 177 17 12 -1 -1 -1 -1 
667 397 327 179 17 11 -1 -1 -1 -1 
668 397 324 178 18 14 -1 -1 -1 -1 
669 397 323 178 18 16 -1 -1 -1 -1 
670 397 315 178 23 18 -1 -1 -1 -1 
676 397 301 190 19 16 -1 -1 -1 -1 
677 397 299 191 19 18 -1 -1 -1 -1 
678 397 294 192 20 17 -1 -1 -1 -1 
679 397 289 195 22 15 -1 -1 -1 -1 
683 397 269 204 25 15 -1 -1 -1 -1 
685 397 255 211 28 15 -1 -1 -1 -1 
686 397 248 213 28 16 -1 -1 -1 -1 
739 404 65 255 57 41 -1 -1 -1 -1 
740 404 36 264 60 46 -1 -1 -1 -1 
856 419 419 203 18 17 -1 -1 -1 -1 
857 419 421 203 17 18 -1 -1 -1 -1 
858 419 421 205 18 17 -1 -1 -1 -1 
859 419 422 208 18 18 -1 -1 -1 -1 
860 419 423 209 18 19 -1 -1 -1 -1 
861 419 423 209 19 22 -1 -1 -1 -1 
862 419 425 210 18 23 -1 -1 -1 -1 
863 419 425 212 20 24 -1 -1 -1 -1 
864 419 425 213 21 26 -1 -1 -1 -1 
865 419 425 213 22 28 -1 -1 -1 -1 
866 419 425 217 23 27 -1 -1 -1 -1 
867 419 426 220 24 27 -1 -1 -1 -1 
868 419 427 223 24 29 -1 -1 -1 -1 
869 419 426 224 27 32 -1 -1 -1 -1 
870 419 427 228 27 34 -1 -1 -1 -1 
871 419 427 233 28 33 -1 -1 -1 -1 
872 419 428 234 28 38 -1 -1 -1 -1 
873 419 430 237 27 41 -1 -1 -1 -1 
874 419 429 240 31 45 -1 -1 -1 -1 
883 429 434 287 46 75 -1 -1 -1 -1 
884 429 434 297 51 81 -1 -1 -1 -1 
886 429 437 314 58 99 -1 -1 -1 -1 
887 429 437 329 63 105 -1 -1 -1 -1 
888 429 440 341 65 113 -1 -1 -1 -1 
889 429 443 358 69 118 -1 -1 -1 -1 
889 431 318 177 19 16 -1 -1 -1 -1 
890 429 442 379 75 99 -1 -1 -1 -1 
891 429 442 379 75 99 -1 -1 -1 -1 
896 431 293 190 21 19 -1 -1 -1 -1 
897 431 288 193 23 18 -1 -1 -1 -1 
900 431 268 202 27 19 -1 -1 -1 -1 
901 431 261 205 26 19 -1 -1 -1 -1 
902 431 253 209 28 20 -1 -1 -1 -1 
903 431 243 213 28 17 -1 -1 -1 -1 
904 431 232 216 31 21 -1 -1 -1 -1 
905 431 226 201 25 20 -1 -1 -1 -1 
906 431 200 231 35 20 -1 -1 -1 -1 
907 431 200 231 35 20 -1 -1 -1 -1 
916 431 294 189 22 20 -1 -1 -1 -1 
916 464 322 174 23 19 -1 -1 -1 -1 
917 431 287 194 24 16 -1 -1 -1 -1 
917 464 322 174 23 19 -1 -1 -1 -1 
918 431 280 198 25 19 -1 -1 -1 -1 
918 466 222 210 33 25 -1 -1 -1 -1 
919 431 280 198 25 19 -1 -1 -1 -1 
919 464 316 178 20 19 -1 -1 -1 -1 
920 464 316 178 20 19 -1 -1 -1 -1 
920 466 193 220 42 29 -1 -1 -1 -1 
921 464 309 181 19 18 -1 -1 -1 -1 
921 466 183 225 43 30 -1 -1 -1 -1 
922 431 248 206 33 24 -1 -1 -1 -1 
922 464 301 184 23 22 -1 -1 -1 -1 
922 466 162 233 47 32 -1 -1 -1 -1 
923 431 237 209 35 25 -1 -1 -1 -1 
923 464 301 184 23 22 -1 -1 -1 -1 
924 431 225 206 39 34 -1 -1 -1 -1 
924 466 119 251 54 37 -1 -1 -1 -1 
925 431 213 208 40 37 -1 -1 -1 -1 
926 431 193 214 47 37 -1 -1 -1 -1 
927 431 175 217 51 42 -1 -1 -1 -1 
928 431 160 221 55 46 -1 -1 -1 -1 
932 464 303 180 24 23 -1 -1 -1 -1 
933 464 303 180 24 23 -1 -1 -1 -1 
934 464 288 186 31 23 -1 -1 -1 -1 
935 464 288 186 31 23 -1 -1 -1 -1 
948 464 230 198 27 20 -1 -1 -1 -1 
948 484 128 233 50 38 -1 -1 -1 -1 
949 464 222 201 29 21 -1 -1 -1 -1 
949 484 109 240 51 38 -1 -1 -1 -1 
949 487 192 224 41 29 -1 -1 -1 -1 
950 464 213 203 29 23 -1 -1 -1 -1 
950 484 90 246 53 44 -1 -1 -1 -1 
950 487 175 232 45 32 -1 -1 -1 -1 
951 464 202 207 33 24 -1 -1 -1 -1 
951 484 66 253 60 48 -1 -1 -1 -1 
951 487 158 237 48 35 -1 -1 -1 -1 
951 488 323 168 24 15 -1 -1 -1 -1 
952 464 192 210 35 27 -1 -1 -1 -1 
952 484 47 263 58 49 -1 -1 -1 -1 
952 487 135 248 53 37 -1 -1 -1 -1 
952 488 322 169 23 16 -1 -1 -1 -1 
953 464 174 217 39 27 -1 -1 -1 -1 
953 484 14 274 63 51 -1 -1 -1 -1 
953 487 100 261 62 40 -1 -1 -1 -1 
953 488 322 169 21 19 -1 -1 -1 -1 
954 464 157 223 43 29 -1 -1 -1 -1 
954 484 0 288 43 50 -1 -1 -1 -1 
954 487 64 276 64 40 -1 -1 -1 -1 
954 488 317 168 24 20 -1 -1 -1 -1 
955 464 138 230 46 34 -1 -1 -1 -1 
955 484 0 288 43 50 -1 -1 -1 -1 
955 487 64 276 64 40 -1 -1 -1 -1 
955 488 315 172 21 19 -1 -1 -1 -1 
956 464 114 237 51 40 -1 -1 -1 -1 
956 488 311 174 22 17 -1 -1 -1 -1 
957 464 93 244 55 47 -1 -1 -1 -1 
957 488 311 174 22 17 -1 -1 -1 -1 
958 464 66 255 63 49 -1 -1 -1 -1 
959 464 41 266 63 50 -1 -1 -1 -1 
959 488 302 179 23 17 -1 -1 -1 -1 
960 464 41 266 63 50 -1 -1 -1 -1 
960 488 302 179 23 17 -1 -1 -1 -1 
961 464 25 272 66 55 -1 -1 -1 -1 
962 464 0 288 56 63 -1 -1 -1 -1 
972 488 347 171 14 11 -1 -1 -1 -1 
975 488 344 171 17 11 -1 -1 -1 -1 
979 488 338 177 13 10 -1 -1 -1 -1 
982 488 330 181 16 12 -1 -1 -1 -1 
983 488 326 183 16 11 -1 -1 -1 -1 
984 488 323 184 18 12 -1 -1 -1 -1 
985 488 320 185 19 14 -1 -1 -1 -1 
987 488 315 189 19 11 -1 -1 -1 -1 
989 488 307 192 18 12 -1 -1 -1 -1 
990 488 299 194 23 14 -1 -1 -1 -1 
991 488 297 196 20 13 -1 -1 -1 -1 
992 488 297 196 20 13 -1 -1 -1 -1 
1027 508 225 209 29 23 -1 -1 -1 -1 
1028 508 210 214 32 25 -1 -1 -1 -1 
1029 508 194 220 34 28 -1 -1 -1 -1 
1030 508 178 225 40 29 -1 -1 -1 -1 
1031 508 159 233 42 31 -1 -1 -1 -1 
1031 509 367 187 20 16 -1 -1 -1 -1 
1032 508 159 233 42 31 -1 -1 -1 -1 
1032 509 363 190 22 18 -1 -1 -1 -1 
1033 509 360 191 21 20 -1 -1 -1 -1 
1034 509 356 192 25 23 -1 -1 -1 -1 
1035 509 350 197 27 22 -1 -1 -1 -1 
1036 509 348 201 23 21 -1 -1 -1 -1 
1037 509 343 201 25 26 -1 -1 -1 -1 
1038 509 336 204 29 27 -1 -1 -1 -1 
1039 509 329 208 31 29 -1 -1 -1 -1 
1040 509 320 213 37 32 -1 -1 -1 -1 
1041 509 309 215 42 38 -1 -1 -1 -1 
1042 509 297 220 46 44 -1 -1 -1 -1 
1043 509 281 225 54 52 -1 -1 -1 -1 
1043 520 341 206 24 19 -1 -1 -1 -1 
1044 509 255 236 62 66 -1 -1 -1 -1 
1044 520 334 207 28 26 -1 -1 -1 -1 
1044 522 358 189 17 15 -1 -1 -1 -1 
1045 509 221 250 83 78 -1 -1 -1 -1 
1045 520 326 214 32 26 -1 -1 -1 -1 
1045 522 354 190 18 17 -1 -1 -1 -1 
1046 509 221 250 83 78 -1 -1 -1 -1 
1046 520 319 218 34 30 -1 -1 -1 -1 
1046 522 350 192 21 18 -1 -1 -1 -1 
1047 520 303 227 42 34 -1 -1 -1 -1 
1047 522 344 194 23 21 -1 -1 -1 -1 
1048 520 287 231 51 44 -1 -1 -1 -1 
1048 522 340 197 23 21 -1 -1 -1 -1 
1049 520 261 245 64 55 -1 -1 -1 -1 
1049 522 334 198 26 26 -1 -1 -1 -1 
1050 520 234 259 77 69 -1 -1 -1 -1 
1050 522 328 204 28 24 -1 -1 -1 -1 
1051 520 234 259 77 69 -1 -1 -1 -1 
1051 522 320 206 31 27 -1 -1 -1 -1 
1052 522 310 210 33 31 -1 -1 -1 -1 
1052 529 363 190 18 16 -1 -1 -1 -1 
1053 522 298 216 38 34 -1 -1 -1 -1 
1053 529 360 190 19 20 -1 -1 -1 -1 
1054 522 277 221 50 44 -1 -1 -1 -1 
1054 529 352 195 21 19 -1 -1 -1 -1 
1055 522 258 227 57 55 -1 -1 -1 -1 
1055 529 348 196 24 22 -1 -1 -1 -1 
1056 522 230 237 68 65 -1 -1 -1 -1 
1056 529 340 201 27 23 -1 -1 -1 -1 
1057 522 230 237 68 65 -1 -1 -1 -1 
1057 529 332 203 30 27 -1 -1 -1 -1 
1058 529 321 208 36 32 -1 -1 -1 -1 
1059 529 309 212 42 38 -1 -1 -1 -1 
1060 529 293 219 48 46 -1 -1 -1 -1 
1061 529 293 219 48 46 -1 -1 -1 -1 
1078 555 422 198 16 18 -1 -1 -1 -1 
1079 555 421 202 17 17 -1 -1 -1 -1 
1080 555 421 204 18 18 -1 -1 -1 -1 
1081 555 421 207 18 16 -1 -1 -1 -1 
1082 555 421 209 19 16 -1 -1 -1 -1 
1083 555 422 211 19 19 -1 -1 -1 -1 
1084 555 423 213 19 20 -1 -1 -1 -1 
1085 555 423 216 19 19 -1 -1 -1 -1 
1086 555 423 217 20 23 -1 -1 -1 -1 
1087 555 423 222 22 22 -1 -1 -1 -1 
1088 555 423 226 23 23 -1 -1 -1 -1 
1089 555 422 229 26 26 -1 -1 -1 -1 
1090 555 424 233 24 27 -1 -1 -1 -1 
1091 555 424 237 27 29 -1 -1 -1 -1 
1092 555 425 244 27 29 -1 -1 -1 -1 
1093 555 426 246 27 32 -1 -1 -1 -1 
1094 555 425 254 29 34 -1 -1 -1 -1 
1095 555 427 260 31 38 -1 -1 -1 -1 
1096 555 427 265 33 43 -1 -1 -1 -1 
1097 555 427 272 36 47 -1 -1 -1 -1 
1121 565 364 186 18 18 -1 -1 -1 -1 
1122 565 361 188 18 19 -1 -1 -1 -1 
1123 565 356 189 19 21 -1 -1 -1 -1 
1124 565 349 193 23 22 -1 -1 -1 -1 
1125 565 343 196 25 24 -1 -1 -1 -1 
1126 565 337 198 27 26 -1 -1 -1 -1 
1127 565 324 205 33 31 -1 -1 -1 -1 
1128 565 316 210 36 34 -1 -1 -1 -1 
1202 581 357 189 19 21 -1 -1 -1 -1 
1203 581 351 195 21 19 -1 -1 -1 -1 
1204 581 343 196 25 24 -1 -1 -1 -1 
1205 581 335 199 26 29 -1 -1 -1 -1 
1206 581 323 205 33 31 -1 -1 -1 -1 
1207 581 304 212 40 39 -1 -1 -1 -1 
1208 581 304 212 40 39 -1 -1 -1 -1 
1230 593 363 187 17 14 -1 -1 -1 -1 
1231 593 360 186 18 18 -1 -1 -1 -1 
1232 593 356 189 20 17 -1 -1 -1 -1 
1233 593 349 194 21 19 -1 -1 -1 -1 
1234 593 341 197 25 21 -1 -1 -1 -1 
1235 593 334 200 27 23 -1 -1 -1 -1 
1236 593 323 206 31 25 -1 -1 -1 -1 
1237 593 309 212 37 30 -1 -1 -1 -1 
1238 593 287 216 48 42 -1 -1 -1 -1 
1239 593 287 216 48 42 -1 -1 -1 -1 
1245 603 289 191 17 15 -1 -1 -1 -1 
1247 603 278 196 18 16 -1 -1 -1 -1 
1248 603 271 197 23 17 -1 -1 -1 -1 
1249 603 262 199 30 21 -1 -1 -1 -1 
1249 605 367 188 17 18 -1 -1 -1 -1 
1250 603 256 203 27 20 -1 -1 -1 -1 
1250 605 362 185 22 23 -1 -1 -1 -1 
1251 603 247 207 27 20 -1 -1 -1 -1 
1251 605 359 192 21 20 -1 -1 -1 -1 
1252 603 247 207 27 20 -1 -1 -1 -1 
1253 605 349 200 23 19 -1 -1 -1 -1 
1254 605 342 206 27 19 -1 -1 -1 -1 
1255 605 333 206 31 26 -1 -1 -1 -1 
1256 605 321 215 35 27 -1 -1 -1 -1 
1257 605 309 218 40 35 -1 -1 -1 -1 
1257 606 185 229 41 30 -1 -1 -1 -1 
1257 607 346 196 19 16 -1 -1 -1 -1 
1258 605 290 228 49 43 -1 -1 -1 -1 
1258 606 171 235 41 30 -1 -1 -1 -1 
1258 607 339 200 22 19 -1 -1 -1 -1 
1259 605 290 228 49 43 -1 -1 -1 -1 
1259 606 155 240 44 34 -1 -1 -1 -1 
1259 607 331 203 24 21 -1 -1 -1 -1 
1260 606 135 249 50 40 -1 -1 -1 -1 
1260 607 320 208 28 24 -1 -1 -1 -1 
1261 606 112 256 57 43 -1 -1 -1 -1 
1261 607 305 214 35 28 -1 -1 -1 -1 
1262 606 90 268 57 40 -1 -1 -1 -1 
1262 607 286 223 43 34 -1 -1 -1 -1 
1263 606 53 280 62 46 -1 -1 -1 -1 
1263 607 286 223 43 34 -1 -1 -1 -1 
1264 606 23 295 64 46 -1 -1 -1 -1 
1265 606 23 295 64 46 -1 -1 -1 -1 
1314 633 344 182 37 41 -1 -1 -1 -1 
1315 633 335 184 39 46 -1 -1 -1 -1 
1316 633 331 184 45 50 -1 -1 -1 -1 
1317 633 323 184 50 59 -1 -1 -1 -1 
1318 633 314 190 55 60 -1 -1 -1 -1 
1319 633 301 190 66 71 -1 -1 -1 -1 
1320 633 286 193 69 82 -1 -1 -1 -1 
1321 633 270 194 80 93 -1 -1 -1 -1 
1322 633 242 198 97 112 -1 -1 -1 -1 
1323 633 197 208 128 136 -1 -1 -1 -1 
1324 633 144 211 167 181 -1 -1 -1 -1 
1324 634 313 207 41 42 -1 -1 -1 -1 
1325 633 61 228 226 243 -1 -1 -1 -1 
1326 633 61 228 226 243 -1 -1 -1 -1 
1328 635 245 232 77 76 -1 -1 -1 -1 
1329 635 211 245 98 93 -1 -1 -1 -1 
1330 635 155 264 131 121 -1 -1 -1 -1 
1331 635 102 282 155 155 -1 -1 -1 -1 
1332 635 0 322 202 156 -1 -1 -1 -1 
1424 648 361 188 18 19 -1 -1 -1 -1 
1425 648 357 191 20 20 -1 -1 -1 -1 
1426 648 350 196 22 20 -1 -1 -1 -1 
1427 648 343 198 25 23 -1 -1 -1 -1 
1428 648 336 202 28 27 -1 -1 -1 -1 
1429 648 324 208 31 31 -1 -1 -1 -1 
1430 648 309 212 40 40 -1 -1 -1 -1 
1431 648 289 224 48 46 -1 -1 -1 -1 
1432 648 289 224 48 46 -1 -1 -1 -1 
1449 666 349 170 11 11 -1 -1 -1 -1 
1450 666 347 171 11 11 -1 -1 -1 -1 
1451 666 345 173 11 10 -1 -1 -1 -1 
1452 666 345 173 11 10 -1 -1 -1 -1 
1454 666 337 175 14 13 -1 -1 -1 -1 
1454 667 219 205 34 26 -1 -1 -1 -1 
1455 666 337 175 14 13 -1 -1 -1 -1 
1456 666 329 181 15 12 -1 -1 -1 -1 
1456 667 185 217 41 33 -1 -1 -1 -1 
1457 666 325 182 15 12 -1 -1 -1 -1 
1457 667 163 223 46 38 -1 -1 -1 -1 
1458 666 321 185 16 11 -1 -1 -1 -1 
1458 667 138 232 50 41 -1 -1 -1 -1 
1459 666 321 185 16 11 -1 -1 -1 -1 
1459 667 106 242 58 52 -1 -1 -1 -1 
1460 667 69 256 67 55 -1 -1 -1 -1 
1460 668 113 203 35 18 -1 -1 -1 -1 
1461 666 305 191 18 14 -1 -1 -1 -1 
1462 666 299 192 22 15 -1 -1 -1 -1 
1464 666 288 198 22 12 -1 -1 -1 -1 
1465 666 280 201 24 16 -1 -1 -1 -1 
1466 666 272 204 25 16 -1 -1 -1 -1 
1467 666 262 209 26 13 -1 -1 -1 -1 
1468 666 251 214 28 14 -1 -1 -1 -1 
1469 666 242 218 29 14 -1 -1 -1 -1 
1474 670 364 191 19 17 -1 -1 -1 -1 
1475 670 360 192 19 20 -1 -1 -1 -1 
1476 670 355 196 19 21 -1 -1 -1 -1 
1477 670 343 201 26 24 -1 -1 -1 -1 
1478 670 332 207 31 28 -1 -1 -1 -1 
1479 670 332 207 31 28 -1 -1 -1 -1 
1508 678 318 175 23 14 -1 -1 -1 -1 
1509 678 313 176 25 17 -1 -1 -1 -1 
1520 680 341 202 26 21 -1 -1 -1 -1 
1521 680 335 206 28 23 -1 -1 -1 -1 
1522 680 323 208 34 30 -1 -1 -1 -1 
1523 680 311 216 37 32 -1 -1 -1 -1 
1584 694 380 177 17 12 -1 -1 -1 -1 
1585 694 382 178 16 13 -1 -1 -1 -1 
1586 694 382 179 16 13 -1 -1 -1 -1 
1587 694 379 177 19 17 -1 -1 -1 -1 
1588 694 380 182 17 15 -1 -1 -1 -1 
1589 694 379 182 19 17 -1 -1 -1 -1 
1590 694 378 189 18 13 -1 -1 -1 -1 
1591 694 377 191 19 14 -1 -1 -1 -1 
1592 694 374 190 22 18 -1 -1 -1 -1 
1593 694 372 192 22 18 -1 -1 -1 -1 
1594 694 371 196 21 20 -1 -1 -1 -1 
1594 704 342 192 19 19 -1 -1 -1 -1 
1595 694 366 197 23 23 -1 -1 -1 -1 
1595 704 336 195 21 21 -1 -1 -1 -1 
1596 694 362 201 26 25 -1 -1 -1 -1 
1596 704 328 199 22 24 -1 -1 -1 -1 
1597 694 358 205 28 26 -1 -1 -1 -1 
1597 704 315 205 29 24 -1 -1 -1 -1 
1598 694 350 210 31 32 -1 -1 -1 -1 
1598 704 299 211 35 30 -1 -1 -1 -1 
1599 694 342 216 35 37 -1 -1 -1 -1 
1599 704 279 218 43 38 -1 -1 -1 -1 
1600 694 329 222 44 46 -1 -1 -1 -1 
1600 704 253 228 53 48 -1 -1 -1 -1 
1601 694 313 232 53 55 -1 -1 -1 -1 
1601 704 253 228 53 48 -1 -1 -1 -1 
1602 694 313 232 53 55 -1 -1 -1 -1 
1614 719 366 189 17 16 -1 -1 -1 -1 
1615 719 362 191 18 16 -1 -1 -1 -1 
1616 719 359 192 19 19 -1 -1 -1 -1 
1617 719 352 196 23 19 -1 -1 -1 -1 
1618 719 347 201 25 20 -1 -1 -1 -1 
1619 719 336 207 27 23 -1 -1 -1 -1 
1620 719 323 214 32 26 -1 -1 -1 -1 
1621 719 310 219 38 35 -1 -1 -1 -1 
1622 719 292 228 47 39 -1 -1 -1 -1 
1623 719 292 228 47 39 -1 -1 -1 -1 
1668 735 369 182 20 18 -1 -1 -1 -1 
1669 735 367 187 18 18 -1 -1 -1 -1 
1670 735 366 188 19 18 -1 -1 -1 -1 
1671 735 362 190 20 17 -1 -1 -1 -1 
1672 735 360 190 18 20 -1 -1 -1 -1 
1673 735 355 192 20 21 -1 -1 -1 -1 
1674 735 351 197 22 20 -1 -1 -1 -1 
1675 735 346 198 24 23 -1 -1 -1 -1 
1676 735 339 202 26 25 -1 -1 -1 -1 
1677 735 331 206 29 29 -1 -1 -1 -1 
1677 736 368 189 17 16 -1 -1 -1 -1 
1678 735 321 209 34 35 -1 -1 -1 -1 
1678 736 363 191 21 17 -1 -1 -1 -1 
1679 735 311 213 39 39 -1 -1 -1 -1 
1679 736 362 191 21 19 -1 -1 -1 -1 
1680 735 294 218 47 50 -1 -1 -1 -1 
1680 736 359 191 23 23 -1 -1 -1 -1 
1681 735 275 225 59 60 -1 -1 -1 -1 
1681 736 354 193 26 24 -1 -1 -1 -1 
1682 735 245 236 69 75 -1 -1 -1 -1 
1682 736 349 196 27 26 -1 -1 -1 -1 
1683 735 245 236 69 75 -1 -1 -1 -1 
1683 736 344 202 27 25 -1 -1 -1 -1 
1684 736 338 205 30 27 -1 -1 -1 -1 
1685 736 329 209 33 32 -1 -1 -1 -1 
1686 736 319 216 37 33 -1 -1 -1 -1 
1687 736 309 219 45 41 -1 -1 -1 -1 
1688 736 292 227 53 46 -1 -1 -1 -1 
1689 736 272 236 65 57 -1 -1 -1 -1 
1690 736 272 236 65 57 -1 -1 -1 -1 
1692 744 365 187 17 17 -1 -1 -1 -1 
1693 744 362 189 17 19 -1 -1 -1 -1 
1694 744 355 192 19 21 -1 -1 -1 -1 
1695 744 348 198 22 21 -1 -1 -1 -1 
1696 744 338 204 26 24 -1 -1 -1 -1 
1697 744 324 209 31 31 -1 -1 -1 -1 
1698 744 311 213 39 37 -1 -1 -1 -1 
1699 744 286 224 52 47 -1 -1 -1 -1 
1700 744 286 224 52 47 -1 -1 -1 -1 
1749 763 422 210 18 17 -1 -1 -1 -1 
1750 763 423 210 18 20 -1 -1 -1 -1 
1751 763 423 215 18 19 -1 -1 -1 -1 
1752 763 424 219 20 19 -1 -1 -1 -1 
1753 763 424 220 21 22 -1 -1 -1 -1 
1754 763 424 225 22 21 -1 -1 -1 -1 
1755 763 424 228 24 24 -1 -1 -1 -1 
1756 763 424 231 25 26 -1 -1 -1 -1 
1757 763 425 236 26 27 -1 -1 -1 -1 
1758 763 426 240 27 30 -1 -1 -1 -1 
1759 763 427 244 27 30 -1 -1 -1 -1 
1760 763 428 250 30 33 -1 -1 -1 -1 
1761 763 428 256 32 37 -1 -1 -1 -1 
1762 763 429 261 33 40 -1 -1 -1 -1 
1763 763 430 269 36 43 -1 -1 -1 -1 
1764 763 432 279 36 47 -1 -1 -1 -1 
1765 763 434 288 40 52 -1 -1 -1 -1 
1766 763 433 297 45 61 -1 -1 -1 -1 
1770 765 437 351 61 86 -1 -1 -1 -1 
1771 765 439 368 66 96 -1 -1 -1 -1 
1772 765 442 388 71 91 -1 -1 -1 -1 
1772 766 318 177 17 13 -1 -1 -1 -1 
1772 767 364 185 19 14 -1 -1 -1 -1 
1773 765 442 388 71 91 -1 -1 -1 -1 
1773 766 313 181 17 12 -1 -1 -1 -1 
1774 766 309 182 18 13 -1 -1 -1 -1 
1774 767 358 189 18 17 -1 -1 -1 -1 
1775 766 303 183 21 16 -1 -1 -1 -1 
1775 767 352 193 21 17 -1 -1 -1 -1 
1776 766 300 184 20 17 -1 -1 -1 -1 
1776 767 349 196 22 18 -1 -1 -1 -1 
1777 766 292 186 24 18 -1 -1 -1 -1 
1777 767 339 199 26 21 -1 -1 -1 -1 
1778 766 288 189 23 18 -1 -1 -1 -1 
1778 767 333 202 28 23 -1 -1 -1 -1 
1779 766 279 192 28 19 -1 -1 -1 -1 
1779 767 322 207 32 27 -1 -1 -1 -1 
1780 766 273 194 26 22 -1 -1 -1 -1 
1780 767 307 213 40 34 -1 -1 -1 -1 
1781 766 265 198 28 22 -1 -1 -1 -1 
1781 767 288 219 47 42 -1 -1 -1 -1 
1782 766 256 201 30 23 -1 -1 -1 -1 
1782 767 288 219 47 42 -1 -1 -1 -1 
1783 766 242 207 32 25 -1 -1 -1 -1 
1784 766 233 211 34 25 -1 -1 -1 -1 
1785 766 213 218 39 25 -1 -1 -1 -1 
1786 766 213 218 39 25 -1 -1 -1 -1 
1788 775 303 180 25 15 -1 -1 -1 -1 
1789 775 303 180 25 15 -1 -1 -1 -1 
1793 775 313 175 17 12 -1 -1 -1 -1 
1793 778 265 191 35 18 -1 -1 -1 -1 
1794 775 309 177 16 12 -1 -1 -1 -1 
1794 778 260 193 34 21 -1 -1 -1 -1 
1795 775 304 178 16 14 -1 -1 -1 -1 
1795 778 250 195 33 25 -1 -1 -1 -1 
1799 775 281 186 22 18 -1 -1 -1 -1 
1799 780 209 206 33 25 -1 -1 -1 -1 
1800 775 275 188 21 17 -1 -1 -1 -1 
1800 780 190 210 41 30 -1 -1 -1 -1 
1801 775 263 190 23 19 -1 -1 -1 -1 
1801 780 190 210 41 30 -1 -1 -1 -1 
1802 775 255 193 25 21 -1 -1 -1 -1 
1803 766 240 198 30 24 -1 -1 -1 -1 
1803 775 255 193 25 21 -1 -1 -1 -1 
1804 766 226 203 32 25 -1 -1 -1 -1 
1805 766 226 203 32 25 -1 -1 -1 -1 
1809 797 209 208 30 24 -1 -1 -1 -1 
1810 797 209 208 30 24 -1 -1 -1 -1 
1820 775 361 189 15 13 -1 -1 -1 -1 
1821 766 337 181 15 10 -1 -1 -1 -1 
1821 775 357 190 19 17 -1 -1 -1 -1 
1822 766 337 181 15 10 -1 -1 -1 -1 
1823 775 347 196 22 18 -1 -1 -1 -1 
1824 775 347 196 22 18 -1 -1 -1 -1 
1826 806 324 206 32 26 -1 -1 -1 -1 
1827 806 312 206 37 36 -1 -1 -1 -1 
1828 806 297 215 44 39 -1 -1 -1 -1 
1829 806 275 223 53 48 -1 -1 -1 -1 
1830 806 250 230 66 59 -1 -1 -1 -1 
1831 806 208 244 85 78 -1 -1 -1 -1 
1832 806 208 244 85 78 -1 -1 -1 -1 
1833 775 370 183 14 11 -1 -1 -1 -1 
1834 775 370 183 14 11 -1 -1 -1 -1 
1835 775 365 187 15 12 -1 -1 -1 -1 
1836 775 362 189 14 12 -1 -1 -1 -1 
1837 766 357 189 18 16 -1 -1 -1 -1 
1837 775 362 189 14 12 -1 -1 -1 -1 
1838 766 354 191 17 17 -1 -1 -1 -1 
1839 766 348 196 18 16 -1 -1 -1 -1 
1840 766 343 197 21 19 -1 -1 -1 -1 
1841 766 338 199 23 21 -1 -1 -1 -1 
1841 797 274 194 23 21 -1 -1 -1 -1 
1842 766 329 203 25 22 -1 -1 -1 -1 
1842 797 274 194 23 21 -1 -1 -1 -1 
1843 766 320 207 28 24 -1 -1 -1 -1 
1844 766 320 207 28 24 -1 -1 -1 -1 
1844 813 248 201 30 27 -1 -1 -1 -1 
1845 813 234 206 40 26 -1 -1 -1 -1 
1846 813 228 209 36 29 -1 -1 -1 -1 
1847 813 219 214 34 26 -1 -1 -1 -1 
1848 813 203 218 39 31 -1 -1 -1 -1 
1849 813 203 218 39 31 -1 -1 -1 -1 
1850 775 318 179 15 12 -1 -1 -1 -1 
1851 775 318 179 15 12 -1 -1 -1 -1 
1853 775 303 184 18 16 -1 -1 -1 -1 
1854 775 297 186 20 16 -1 -1 -1 -1 
1855 775 291 188 20 17 -1 -1 -1 -1 
1855 825 461 283 16 39 -1 -1 -1 -1 
1858 775 273 194 23 19 -1 -1 -1 -1 
1859 775 263 198 24 19 -1 -1 -1 -1 
1860 775 251 203 27 22 -1 -1 -1 -1 
1861 775 242 206 30 21 -1 -1 -1 -1 
1862 775 242 206 30 21 -1 -1 -1 -1 
1867 825 434 339 18 42 -1 -1 -1 -1 
1868 825 434 331 17 38 -1 -1 -1 -1 
1869 825 433 324 18 36 -1 -1 -1 -1 
1870 825 433 324 18 36 -1 -1 -1 -1 
1871 825 434 309 15 37 -1 -1 -1 -1 
1872 825 435 302 15 35 -1 -1 -1 -1 
1881 825 428 263 12 27 -1 -1 -1 -1 
1891 825 423 238 10 23 -1 -1 -1 -1 
1897 825 428 229 9 20 -1 -1 -1 -1 
1898 825 428 229 9 20 -1 -1 -1 -1 
1923 844 363 183 17 17 -1 -1 -1 -1 
1924 844 362 186 15 15 -1 -1 -1 -1 
1925 844 361 186 16 17 -1 -1 -1 -1 
1926 825 436 220 9 20 -1 -1 -1 -1 
1926 844 358 186 18 18 -1 -1 -1 -1 
1927 825 436 220 9 20 -1 -1 -1 -1 
1928 825 437 229 10 21 -1 -1 -1 -1 
1928 844 351 188 21 22 -1 -1 -1 -1 
1929 825 437 229 10 21 -1 -1 -1 -1 
1929 844 347 189 21 24 -1 -1 -1 -1 
1930 844 342 193 23 25 -1 -1 -1 -1 
1931 844 336 193 27 29 -1 -1 -1 -1 
1932 844 332 200 26 25 -1 -1 -1 -1 
1932 847 558 430 22 49 -1 -1 -1 -1 
1933 844 322 205 32 28 -1 -1 -1 -1 
1933 847 553 422 24 55 -1 -1 -1 -1 
1934 844 315 206 34 34 -1 -1 -1 -1 
1934 847 552 418 25 58 -1 -1 -1 -1 
1935 844 306 210 38 38 -1 -1 -1 -1 
1935 847 546 411 29 56 -1 -1 -1 -1 
1936 844 306 210 38 38 -1 -1 -1 -1 
1936 847 547 406 25 55 -1 -1 -1 -1 
1937 847 544 399 24 51 -1 -1 -1 -1 
1938 847 541 394 24 54 -1 -1 -1 -1 
1938 851 278 196 25 19 -1 -1 -1 -1 
1939 847 542 389 21 46 -1 -1 -1 -1 
1939 851 272 200 25 17 -1 -1 -1 -1 
1939 852 220 247 79 67 -1 -1 -1 -1 
1940 847 542 384 19 54 -1 -1 -1 -1 
1940 851 262 204 25 19 -1 -1 -1 -1 
1940 852 180 267 99 85 -1 -1 -1 -1 
1941 847 540 379 19 47 -1 -1 -1 -1 
1941 851 249 209 28 21 -1 -1 -1 -1 
1941 852 180 267 99 85 -1 -1 -1 -1 
1942 847 539 374 19 52 -1 -1 -1 -1 
1942 851 237 213 31 20 -1 -1 -1 -1 
1943 847 539 369 18 45 -1 -1 -1 -1 
1943 851 219 221 33 21 -1 -1 -1 -1 
1944 847 537 367 19 47 -1 -1 -1 -1 
1944 851 203 228 38 23 -1 -1 -1 -1 
1944 858 350 195 20 16 -1 -1 -1 -1 
1945 847 535 362 19 46 -1 -1 -1 -1 
1945 851 183 236 42 25 -1 -1 -1 -1 
1945 858 344 196 22 18 -1 -1 -1 -1 
1946 847 532 357 20 51 -1 -1 -1 -1 
1946 851 162 244 47 33 -1 -1 -1 -1 
1946 858 335 200 27 21 -1 -1 -1 -1 
1947 847 530 353 19 43 -1 -1 -1 -1 
1947 851 162 244 47 33 -1 -1 -1 -1 
1947 858 323 208 28 21 -1 -1 -1 -1 
1948 847 528 349 18 45 -1 -1 -1 -1 
1948 858 309 212 32 28 -1 -1 -1 -1 
1949 847 527 345 17 46 -1 -1 -1 -1 
1949 858 289 217 44 37 -1 -1 -1 -1 
1950 847 523 341 17 44 -1 -1 -1 -1 
1950 858 289 217 44 37 -1 -1 -1 -1 
1951 825 445 262 13 28 -1 -1 -1 -1 
1951 847 519 339 20 44 -1 -1 -1 -1 
1952 825 445 262 13 28 -1 -1 -1 -1 
1952 847 516 334 20 44 -1 -1 -1 -1 
1953 847 516 332 16 43 -1 -1 -1 -1 
1954 847 515 327 20 43 -1 -1 -1 -1 
1955 847 514 325 18 43 -1 -1 -1 -1 
1956 847 511 324 21 39 -1 -1 -1 -1 
1957 847 512 323 17 39 -1 -1 -1 -1 
1958 847 512 323 17 39 -1 -1 -1 -1 
1961 847 510 312 14 37 -1 -1 -1 -1 
1962 847 508 309 15 38 -1 -1 -1 -1 
1963 825 508 306 14 35 -1 -1 -1 -1 
1964 825 507 304 14 36 -1 -1 -1 -1 
1965 825 507 304 14 36 -1 -1 -1 -1 
1966 847 504 300 13 36 -1 -1 -1 -1 
1976 879 338 172 14 11 -1 -1 -1 -1 
1981 879 323 179 17 16 -1 -1 -1 -1 
1982 879 320 180 17 16 -1 -1 -1 -1 
1983 879 315 182 18 16 -1 -1 -1 -1 
1984 879 315 182 18 16 -1 -1 -1 -1 
1985 879 307 187 19 17 -1 -1 -1 -1 
1986 879 302 189 19 17 -1 -1 -1 -1 
1987 879 296 191 22 17 -1 -1 -1 -1 
1988 879 291 193 23 18 -1 -1 -1 -1 
1992 889 262 204 27 20 -1 -1 -1 -1 
1993 889 250 211 31 18 -1 -1 -1 -1 
1994 889 239 215 31 21 -1 -1 -1 -1 
1995 889 228 220 34 20 -1 -1 -1 -1 
1996 889 215 225 34 18 -1 -1 -1 -1 
1997 889 196 232 40 20 -1 -1 -1 -1 
1998 889 196 232 40 20 -1 -1 -1 -1 
2005 905 222 234 132 155 -1 -1 -1 -1 
2006 905 137 257 199 222 -1 -1 -1 -1 
2035 913 179 216 36 28 -1 -1 -1 -1 
2036 913 163 222 41 30 -1 -1 -1 -1 
2037 913 149 228 42 34 -1 -1 -1 -1 
2038 913 129 235 47 37 -1 -1 -1 -1 
2038 915 268 197 23 18 -1 -1 -1 -1 
2039 913 110 243 48 39 -1 -1 -1 -1 
2039 915 257 201 26 19 -1 -1 -1 -1 
2040 913 81 254 56 42 -1 -1 -1 -1 
2040 915 246 206 28 20 -1 -1 -1 -1 
2041 913 50 264 64 47 -1 -1 -1 -1 
2041 915 234 209 30 24 -1 -1 -1 -1 
2042 913 16 278 69 51 -1 -1 -1 -1 
2042 915 221 216 31 23 -1 -1 -1 -1 
2043 913 0 292 56 62 -1 -1 -1 -1 
2043 915 221 216 31 23 -1 -1 -1 -1 
2044 913 0 292 56 62 -1 -1 -1 -1 
2044 918 380 170 18 16 -1 -1 -1 -1 
2047 918 379 172 18 19 -1 -1 -1 -1 
2053 918 359 183 17 18 -1 -1 -1 -1 
2054 918 354 183 21 19 -1 -1 -1 -1 
2055 918 350 190 18 18 -1 -1 -1 -1 
2056 918 346 191 19 21 -1 -1 -1 -1 
2057 918 339 196 21 21 -1 -1 -1 -1 
2058 918 368 188 20 24 -1 -1 -1 -1 
2059 918 366 187 21 27 -1 -1 -1 -1 
2060 918 365 190 20 28 -1 -1 -1 -1 
2060 926 311 207 31 29 -1 -1 -1 -1 
2061 918 361 193 25 29 -1 -1 -1 -1 
2061 926 295 211 41 37 -1 -1 -1 -1 
2062 918 358 203 26 24 -1 -1 -1 -1 
2062 926 277 220 47 42 -1 -1 -1 -1 
2063 918 354 206 28 27 -1 -1 -1 -1 
2063 926 249 232 59 51 -1 -1 -1 -1 
2063 930 281 190 20 18 -1 -1 -1 -1 
2064 918 348 211 31 29 -1 -1 -1 -1 
2064 926 210 245 77 67 -1 -1 -1 -1 
2064 930 273 191 23 19 -1 -1 -1 -1 
2065 918 342 214 33 37 -1 -1 -1 -1 
2065 926 210 245 77 67 -1 -1 -1 -1 
2065 930 262 194 26 21 -1 -1 -1 -1 
2066 918 332 221 41 40 -1 -1 -1 -1 
2066 930 251 198 30 22 -1 -1 -1 -1 
2066 931 338 200 25 20 -1 -1 -1 -1 
2067 918 318 228 49 52 -1 -1 -1 -1 
2067 930 251 198 30 22 -1 -1 -1 -1 
2068 918 300 239 58 62 -1 -1 -1 -1 
2068 931 321 206 30 27 -1 -1 -1 -1 
2069 918 277 255 73 77 -1 -1 -1 -1 
2069 931 308 209 38 33 -1 -1 -1 -1 
2070 918 277 255 73 77 -1 -1 -1 -1 
2070 931 294 216 42 37 -1 -1 -1 -1 
2070 934 202 218 36 28 -1 -1 -1 -1 
2071 931 275 224 51 44 -1 -1 -1 -1 
2071 934 185 225 40 29 -1 -1 -1 -1 
2072 931 247 232 64 58 -1 -1 -1 -1 
2072 934 166 232 45 34 -1 -1 -1 -1 
2073 931 208 242 81 77 -1 -1 -1 -1 
2073 934 143 240 49 39 -1 -1 -1 -1 
2074 931 208 242 81 77 -1 -1 -1 -1 
2074 934 120 248 54 45 -1 -1 -1 -1 
2075 934 91 259 59 48 -1 -1 -1 -1 
2076 934 58 274 67 47 -1 -1 -1 -1 
2128 944 284 188 18 16 -1 -1 -1 -1 
2129 944 278 190 18 17 -1 -1 -1 -1 
2130 944 265 194 22 19 -1 -1 -1 -1 
2130 946 340 170 14 16 -1 -1 -1 -1 
2131 944 253 199 23 20 -1 -1 -1 -1 
2131 946 336 170 16 17 -1 -1 -1 -1 
2132 944 241 203 26 23 -1 -1 -1 -1 
2132 946 334 173 15 16 -1 -1 -1 -1 
2133 944 241 203 26 23 -1 -1 -1 -1 
2133 946 331 174 16 18 -1 -1 -1 -1 
2134 946 327 175 17 19 -1 -1 -1 -1 
2135 946 327 175 17 19 -1 -1 -1 -1 
2137 946 314 178 21 21 -1 -1 -1 -1 
2138 946 307 183 21 20 -1 -1 -1 -1 
2142 946 368 177 17 18 -1 -1 -1 -1 
2143 946 364 179 19 20 -1 -1 -1 -1 
2144 946 362 180 18 21 -1 -1 -1 -1 
2145 946 356 183 19 22 -1 -1 -1 -1 
2146 946 351 184 22 24 -1 -1 -1 -1 
2147 946 346 186 22 25 -1 -1 -1 -1 
2148 946 338 191 24 27 -1 -1 -1 -1 
2156 944 294 187 22 16 -1 -1 -1 -1 
2158 944 280 193 25 17 -1 -1 -1 -1 
2159 944 275 195 24 17 -1 -1 -1 -1 
2162 944 251 204 28 22 -1 -1 -1 -1 
2163 944 251 204 28 22 -1 -1 -1 -1 
2164 944 226 216 31 23 -1 -1 -1 -1 
2165 944 226 216 31 23 -1 -1 -1 -1 
2200 990 362 191 22 16 -1 -1 -1 -1 
2201 990 360 193 21 19 -1 -1 -1 -1 
2201 991 189 227 42 29 -1 -1 -1 -1 
2202 990 354 194 24 22 -1 -1 -1 -1 
2202 991 173 232 43 31 -1 -1 -1 -1 
2203 990 347 200 26 22 -1 -1 -1 -1 
2203 991 153 239 48 32 -1 -1 -1 -1 
2204 990 338 204 30 23 -1 -1 -1 -1 
2204 991 126 252 56 34 -1 -1 -1 -1 
2205 990 329 208 33 28 -1 -1 -1 -1 
2205 991 104 261 55 33 -1 -1 -1 -1 
2206 990 316 210 41 35 -1 -1 -1 -1 
2206 991 71 274 61 34 -1 -1 -1 -1 
2206 992 362 192 19 17 -1 -1 -1 -1 
2207 990 293 219 52 46 -1 -1 -1 -1 
2207 991 71 274 61 34 -1 -1 -1 -1 
2208 990 275 229 61 54 -1 -1 -1 -1 
2208 992 350 198 26 22 -1 -1 -1 -1 
2209 990 275 229 61 54 -1 -1 -1 -1 
2209 992 343 201 27 25 -1 -1 -1 -1 
2210 992 333 207 33 27 -1 -1 -1 -1 
2211 992 317 216 38 32 -1 -1 -1 -1 
2212 992 299 221 47 44 -1 -1 -1 -1 
2213 992 279 227 56 56 -1 -1 -1 -1 
2214 992 279 227 56 56 -1 -1 -1 -1 
2234 1000 359 192 19 17 -1 -1 -1 -1 
2235 1000 355 193 20 20 -1 -1 -1 -1 
2236 1000 347 197 24 22 -1 -1 -1 -1 
2237 1000 341 201 26 23 -1 -1 -1 -1 
2238 1000 331 205 29 26 -1 -1 -1 -1 
2239 1000 319 209 34 32 -1 -1 -1 -1 
2240 1000 307 213 41 37 -1 -1 -1 -1 
2241 1000 286 221 51 47 -1 -1 -1 -1 
2242 1000 286 221 51 47 -1 -1 -1 -1 
2256 1009 460 258 12 27 -1 -1 -1 -1 
2256 1010 420 198 17 18 -1 -1 -1 -1 
2257 1009 460 254 11 25 -1 -1 -1 -1 
2258 1009 460 254 11 25 -1 -1 -1 -1 
2259 1010 421 205 17 17 -1 -1 -1 -1 
2260 1010 421 206 18 18 -1 -1 -1 -1 
2261 1010 420 207 19 19 -1 -1 -1 -1 
2262 1010 420 209 20 19 -1 -1 -1 -1 
2263 1010 421 209 20 21 -1 -1 -1 -1 
2264 1010 422 210 20 23 -1 -1 -1 -1 
2264 1011 361 191 17 15 -1 -1 -1 -1 
2265 1010 423 213 19 23 -1 -1 -1 -1 
2265 1011 356 195 18 14 -1 -1 -1 -1 
2266 1010 423 216 20 24 -1 -1 -1 -1 
2266 1011 351 197 20 16 -1 -1 -1 -1 
2267 1010 422 218 22 24 -1 -1 -1 -1 
2267 1011 345 198 23 20 -1 -1 -1 -1 
2268 1010 423 220 22 25 -1 -1 -1 -1 
2268 1011 338 203 25 21 -1 -1 -1 -1 
2269 1010 423 225 23 24 -1 -1 -1 -1 
2269 1011 328 208 28 24 -1 -1 -1 -1 
2270 1010 422 226 25 28 -1 -1 -1 -1 
2270 1011 312 215 35 28 -1 -1 -1 -1 
2271 1010 423 226 26 31 -1 -1 -1 -1 
2271 1011 295 222 41 38 -1 -1 -1 -1 
2272 1010 424 233 24 29 -1 -1 -1 -1 
2272 1011 295 222 41 38 -1 -1 -1 -1 
2273 1010 423 234 27 32 -1 -1 -1 -1 
2274 1010 424 236 27 34 -1 -1 -1 -1 
2275 1010 424 239 28 37 -1 -1 -1 -1 
2276 1010 424 243 29 37 -1 -1 -1 -1 
2277 1010 423 247 31 38 -1 -1 -1 -1 
2278 1010 425 254 29 35 -1 -1 -1 -1 
2279 1010 423 255 34 42 -1 -1 -1 -1 
2280 1010 424 260 35 46 -1 -1 -1 -1 
2281 1010 422 269 39 46 -1 -1 -1 -1 
2282 1010 423 274 41 49 -1 -1 -1 -1 
2283 1010 424 280 41 51 -1 -1 -1 -1 
2284 1010 422 285 46 57 -1 -1 -1 -1 
2284 1021 415 199 21 14 -1 -1 -1 -1 
2285 1010 422 285 46 57 -1 -1 -1 -1 
2285 1021 416 200 21 16 -1 -1 -1 -1 
2286 1021 419 202 19 15 -1 -1 -1 -1 
2287 1021 419 202 19 15 -1 -1 -1 -1 
2288 1021 420 205 19 17 -1 -1 -1 -1 
2289 1021 421 209 18 15 -1 -1 -1 -1 
2289 1023 426 334 59 82 -1 -1 -1 -1 
2290 1021 420 209 19 18 -1 -1 -1 -1 
2290 1023 427 346 64 90 -1 -1 -1 -1 
2291 1021 420 210 20 21 -1 -1 -1 -1 
2291 1023 429 357 67 96 -1 -1 -1 -1 
2292 1021 420 212 21 22 -1 -1 -1 -1 
2292 1023 430 375 72 102 -1 -1 -1 -1 
2293 1021 421 214 20 22 -1 -1 -1 -1 
2293 1023 432 387 74 92 -1 -1 -1 -1 
2294 1021 421 217 21 23 -1 -1 -1 -1 
2294 1023 431 406 76 72 -1 -1 -1 -1 
2295 1021 421 220 21 24 -1 -1 -1 -1 
2295 1023 431 406 76 72 -1 -1 -1 -1 
2296 1021 421 222 23 26 -1 -1 -1 -1 
2297 1021 420 225 26 26 -1 -1 -1 -1 
2298 1021 421 228 25 27 -1 -1 -1 -1 
2299 1021 422 231 25 31 -1 -1 -1 -1 
2300 1021 422 235 26 31 -1 -1 -1 -1 
2301 1021 421 238 29 32 -1 -1 -1 -1 
2302 1010 383 176 13 14 -1 -1 -1 -1 
2302 1021 422 242 30 33 -1 -1 -1 -1 
2303 1010 382 178 13 13 -1 -1 -1 -1 
2303 1021 421 245 33 38 -1 -1 -1 -1 
2304 1010 382 178 13 13 -1 -1 -1 -1 
2305 1021 420 254 37 43 -1 -1 -1 -1 
2306 1010 322 177 18 14 -1 -1 -1 -1 
2306 1021 422 260 37 46 -1 -1 -1 -1 
2307 1010 319 178 18 16 -1 -1 -1 -1 
2307 1021 421 264 39 48 -1 -1 -1 -1 
2308 1010 373 187 18 13 -1 -1 -1 -1 
2308 1021 422 269 39 53 -1 -1 -1 -1 
2309 1010 371 187 17 16 -1 -1 -1 -1 
2309 1021 422 275 43 57 -1 -1 -1 -1 
2310 1010 367 187 21 19 -1 -1 -1 -1 
2310 1021 422 287 44 60 -1 -1 -1 -1 
2311 1010 293 189 22 18 -1 -1 -1 -1 
2311 1021 421 295 49 64 -1 -1 -1 -1 
2312 1010 360 193 22 21 -1 -1 -1 -1 
2312 1021 422 303 51 71 -1 -1 -1 -1 
2313 1010 355 194 25 23 -1 -1 -1 -1 
2313 1021 422 311 56 79 -1 -1 -1 -1 
2314 1010 347 200 27 23 -1 -1 -1 -1 
2314 1021 420 327 63 86 -1 -1 -1 -1 
2315 1010 341 204 29 26 -1 -1 -1 -1 
2315 1021 424 339 64 95 -1 -1 -1 -1 
2316 1010 341 204 29 26 -1 -1 -1 -1 
2316 1021 424 339 64 95 -1 -1 -1 -1 
2316 1034 252 207 28 22 -1 -1 -1 -1 
2317 1010 327 208 38 31 -1 -1 -1 -1 
2317 1021 423 359 71 103 -1 -1 -1 -1 
2317 1034 231 215 32 23 -1 -1 -1 -1 
2318 1010 327 208 38 31 -1 -1 -1 -1 
2318 1021 426 386 74 93 -1 -1 -1 -1 
2318 1034 231 215 32 23 -1 -1 -1 -1 
2319 1021 426 414 75 63 -1 -1 -1 -1 
2320 1021 427 443 75 36 -1 -1 -1 -1 
2320 1038 230 195 25 20 -1 -1 -1 -1 
2321 1021 427 443 75 36 -1 -1 -1 -1 
2325 1046 159 217 40 28 -1 -1 -1 -1 
2326 1046 145 222 44 30 -1 -1 -1 -1 
2327 1046 118 229 48 35 -1 -1 -1 -1 
2328 1046 91 239 54 40 -1 -1 -1 -1 
2329 1046 63 250 57 40 -1 -1 -1 -1 
2330 1046 31 259 62 48 -1 -1 -1 -1 
2331 1046 0 274 62 50 -1 -1 -1 -1 
2364 1058 370 188 17 13 -1 -1 -1 -1 
2365 1058 368 189 17 15 -1 -1 -1 -1 
2366 1058 364 192 20 15 -1 -1 -1 -1 
2367 1058 361 193 20 17 -1 -1 -1 -1 
2368 1058 357 195 22 19 -1 -1 -1 -1 
2368 1062 293 187 23 18 -1 -1 -1 -1 
2369 1058 351 196 26 23 -1 -1 -1 -1 
2370 1058 345 200 27 24 -1 -1 -1 -1 
2370 1062 285 191 21 19 -1 -1 -1 -1 
2371 1058 340 202 27 26 -1 -1 -1 -1 
2372 1058 331 208 32 28 -1 -1 -1 -1 
2373 1058 319 211 37 34 -1 -1 -1 -1 
2373 1062 269 194 24 24 -1 -1 -1 -1 
2374 1058 304 218 45 41 -1 -1 -1 -1 
2374 1062 262 198 27 22 -1 -1 -1 -1 
2375 1058 304 218 45 41 -1 -1 -1 -1 
2375 1062 254 201 29 24 -1 -1 -1 -1 
2376 1062 247 204 29 24 -1 -1 -1 -1 
2377 1062 238 207 31 25 -1 -1 -1 -1 
2377 1066 323 178 17 15 -1 -1 -1 -1 
2378 1062 228 212 33 25 -1 -1 -1 -1 
2378 1066 323 178 17 15 -1 -1 -1 -1 
2379 1062 218 215 33 26 -1 -1 -1 -1 
2380 1062 206 221 37 27 -1 -1 -1 -1 
2381 1062 193 224 41 28 -1 -1 -1 -1 
2382 1062 178 228 45 34 -1 -1 -1 -1 
2383 1062 170 232 44 32 -1 -1 -1 -1 
2383 1066 300 188 20 15 -1 -1 -1 -1 
2384 1062 153 238 48 35 -1 -1 -1 -1 
2384 1066 296 189 20 18 -1 -1 -1 -1 
2385 1062 135 245 52 36 -1 -1 -1 -1 
2385 1066 289 191 23 18 -1 -1 -1 -1 
2386 1062 113 254 58 39 -1 -1 -1 -1 
2386 1066 280 193 26 19 -1 -1 -1 -1 
2387 1062 113 254 58 39 -1 -1 -1 -1 
2388 1066 262 195 33 23 -1 -1 -1 -1 
2389 1066 255 203 31 19 -1 -1 -1 -1 
2390 1066 247 206 33 21 -1 -1 -1 -1 
2391 1066 237 211 34 20 -1 -1 -1 -1 
2392 1066 229 214 35 23 -1 -1 -1 -1 
2393 1066 219 221 33 19 -1 -1 -1 -1 
2394 1066 201 227 42 24 -1 -1 -1 -1 
2395 1066 188 233 41 23 -1 -1 -1 -1 
2396 1066 169 240 43 24 -1 -1 -1 -1 
2397 1066 169 240 43 24 -1 -1 -1 -1 
2404 1058 328 171 18 12 -1 -1 -1 -1 
2405 1058 328 171 18 12 -1 -1 -1 -1 
2406 1058 322 172 21 15 -1 -1 -1 -1 
2407 1058 319 174 22 16 -1 -1 -1 -1 
2408 1058 317 174 22 17 -1 -1 -1 -1 
2409 1058 310 175 25 19 -1 -1 -1 -1 
2410 1058 310 175 25 19 -1 -1 -1 -1 
2421 1087 257 191 35 29 -1 -1 -1 -1 
2422 1087 250 196 36 28 -1 -1 -1 -1 
2423 1087 243 200 35 27 -1 -1 -1 -1 
2424 1087 230 202 39 32 -1 -1 -1 -1 
2425 1087 220 206 41 34 -1 -1 -1 -1 
2426 1087 209 210 41 35 -1 -1 -1 -1 
2427 1087 194 212 44 40 -1 -1 -1 -1 
2428 1087 178 228 47 34 -1 -1 -1 -1 
2429 1087 163 230 48 37 -1 -1 -1 -1 
2429 1096 337 201 24 21 -1 -1 -1 -1 
2430 1087 148 225 47 41 -1 -1 -1 -1 
2430 1096 328 209 27 20 -1 -1 -1 -1 
2431 1087 148 225 47 41 -1 -1 -1 -1 
2431 1096 316 213 31 26 -1 -1 -1 -1 
2432 1096 299 219 39 31 -1 -1 -1 -1 
2433 1096 299 219 39 31 -1 -1 -1 -1 
2446 1108 425 207 19 22 -1 -1 -1 -1 
2447 1108 425 209 20 23 -1 -1 -1 -1 
2448 1108 425 213 21 24 -1 -1 -1 -1 
