24 3 141 227 40 28 -1 -1 -1 -1 
25 3 122 231 44 33 -1 -1 -1 -1 
26 3 102 239 46 33 -1 -1 -1 -1 
27 3 80 246 51 38 -1 -1 -1 -1 
27 4 336 170 14 11 -1 -1 -1 -1 
28 3 80 246 51 38 -1 -1 -1 -1 
34 4 319 174 20 15 -1 -1 -1 -1 
35 4 313 174 24 17 -1 -1 -1 -1 
36 4 315 176 21 17 -1 -1 -1 -1 
37 4 309 177 22 16 -1 -1 -1 -1 
38 4 304 179 25 18 -1 -1 -1 -1 
40 4 299 183 24 17 -1 -1 -1 -1 
42 4 291 185 26 18 -1 -1 -1 -1 
43 4 287 185 26 20 -1 -1 -1 -1 
44 4 279 186 31 24 -1 -1 -1 -1 
45 4 276 189 29 24 -1 -1 -1 -1 
46 4 268 190 30 23 -1 -1 -1 -1 
46 7 337 170 13 11 -1 -1 -1 -1 
47 4 258 196 35 23 -1 -1 -1 -1 
47 7 337 170 13 11 -1 -1 -1 -1 
48 4 258 196 35 23 -1 -1 -1 -1 
49 7 328 171 16 13 -1 -1 -1 -1 
50 7 324 173 18 13 -1 -1 -1 -1 
51 7 322 174 19 15 -1 -1 -1 -1 
52 4 244 194 25 16 -1 -1 -1 -1 
52 7 320 174 19 16 -1 -1 -1 -1 
53 4 242 195 24 16 -1 -1 -1 -1 
53 7 319 176 18 15 -1 -1 -1 -1 
54 4 293 182 17 14 -1 -1 -1 -1 
54 7 316 177 18 15 -1 -1 -1 -1 
55 4 287 182 20 16 -1 -1 -1 -1 
55 7 313 178 18 15 -1 -1 -1 -1 
56 4 281 186 21 15 -1 -1 -1 -1 
56 7 309 182 17 14 -1 -1 -1 -1 
56 15 212 203 30 21 -1 -1 -1 -1 
57 4 277 187 21 17 -1 -1 -1 -1 
57 7 306 184 17 14 -1 -1 -1 -1 
57 15 204 208 31 20 -1 -1 -1 -1 
58 4 271 188 23 18 -1 -1 -1 -1 
58 7 303 185 16 15 -1 -1 -1 -1 
58 15 193 210 34 23 -1 -1 -1 -1 
59 4 264 191 24 18 -1 -1 -1 -1 
59 7 297 188 19 15 -1 -1 -1 -1 
59 15 181 214 35 25 -1 -1 -1 -1 
60 4 258 194 24 20 -1 -1 -1 -1 
60 7 292 190 19 14 -1 -1 -1 -1 
60 15 169 217 39 27 -1 -1 -1 -1 
61 4 252 196 25 21 -1 -1 -1 -1 
61 7 288 191 19 15 -1 -1 -1 -1 
61 15 158 223 41 27 -1 -1 -1 -1 
62 4 243 200 27 23 -1 -1 -1 -1 
62 7 283 193 20 16 -1 -1 -1 -1 
62 15 143 227 45 28 -1 -1 -1 -1 
63 4 232 204 30 24 -1 -1 -1 -1 
63 7 275 196 23 18 -1 -1 -1 -1 
63 15 125 233 45 31 -1 -1 -1 -1 
64 4 221 208 33 26 -1 -1 -1 -1 
64 7 269 198 25 18 -1 -1 -1 -1 
64 15 110 239 49 33 -1 -1 -1 -1 
65 4 210 213 35 26 -1 -1 -1 -1 
65 7 262 199 26 21 -1 -1 -1 -1 
65 15 93 243 52 38 -1 -1 -1 -1 
66 4 210 213 35 26 -1 -1 -1 -1 
66 7 253 204 27 20 -1 -1 -1 -1 
66 15 67 253 57 40 -1 -1 -1 -1 
67 7 246 206 30 22 -1 -1 -1 -1 
67 15 47 262 59 42 -1 -1 -1 -1 
68 7 233 211 33 24 -1 -1 -1 -1 
68 15 18 270 65 50 -1 -1 -1 -1 
69 7 226 215 33 24 -1 -1 -1 -1 
69 15 0 280 63 53 -1 -1 -1 -1 
70 7 214 217 35 26 -1 -1 -1 -1 
70 15 0 280 63 53 -1 -1 -1 -1 
71 7 206 223 37 25 -1 -1 -1 -1 
71 18 84 260 62 48 -1 -1 -1 -1 
72 7 185 230 44 26 -1 -1 -1 -1 
73 7 171 236 44 28 -1 -1 -1 -1 
74 7 156 241 47 32 -1 -1 -1 -1 
75 7 139 248 49 32 -1 -1 -1 -1 
76 7 119 257 53 31 -1 -1 -1 -1 
77 7 95 268 54 36 -1 -1 -1 -1 
85 19 363 187 21 15 -1 -1 -1 -1 
86 19 360 188 22 17 -1 -1 -1 -1 
87 19 360 191 19 17 -1 -1 -1 -1 
88 19 357 191 20 19 -1 -1 -1 -1 
89 19 350 195 25 19 -1 -1 -1 -1 
90 19 346 197 26 21 -1 -1 -1 -1 
91 19 339 199 28 25 -1 -1 -1 -1 
92 19 327 206 35 27 -1 -1 -1 -1 
93 19 319 208 38 32 -1 -1 -1 -1 
94 19 307 215 44 37 -1 -1 -1 -1 
95 19 288 221 53 47 -1 -1 -1 -1 
96 19 288 221 53 47 -1 -1 -1 -1 
98 20 324 180 18 13 -1 -1 -1 -1 
99 20 324 180 18 13 -1 -1 -1 -1 
101 20 314 182 19 17 -1 -1 -1 -1 
102 20 310 185 19 16 -1 -1 -1 -1 
103 20 305 187 18 16 -1 -1 -1 -1 
104 20 299 191 21 15 -1 -1 -1 -1 
104 29 318 175 16 12 -1 -1 -1 -1 
104 31 239 201 26 24 -1 -1 -1 -1 
105 20 293 193 22 16 -1 -1 -1 -1 
105 29 313 177 17 13 -1 -1 -1 -1 
106 20 287 194 24 18 -1 -1 -1 -1 
106 29 307 178 21 15 -1 -1 -1 -1 
107 20 281 198 22 17 -1 -1 -1 -1 
107 29 303 180 19 15 -1 -1 -1 -1 
108 20 273 201 26 18 -1 -1 -1 -1 
108 29 298 182 21 15 -1 -1 -1 -1 
109 20 267 203 26 17 -1 -1 -1 -1 
109 29 293 184 24 17 -1 -1 -1 -1 
110 20 257 207 28 19 -1 -1 -1 -1 
110 29 288 187 22 15 -1 -1 -1 -1 
111 20 247 212 32 18 -1 -1 -1 -1 
111 29 279 187 27 18 -1 -1 -1 -1 
112 20 241 214 30 17 -1 -1 -1 -1 
112 29 270 190 31 18 -1 -1 -1 -1 
113 20 224 221 36 20 -1 -1 -1 -1 
113 29 265 192 30 20 -1 -1 -1 -1 
114 20 215 225 35 20 -1 -1 -1 -1 
114 29 259 194 30 20 -1 -1 -1 -1 
115 20 200 231 41 21 -1 -1 -1 -1 
115 29 251 195 34 24 -1 -1 -1 -1 
116 20 200 231 41 21 -1 -1 -1 -1 
117 29 233 203 38 24 -1 -1 -1 -1 
117 31 203 207 29 20 -1 -1 -1 -1 
118 29 221 208 41 25 -1 -1 -1 -1 
118 31 190 209 35 23 -1 -1 -1 -1 
119 29 216 212 38 25 -1 -1 -1 -1 
120 29 203 217 40 26 -1 -1 -1 -1 
121 29 185 223 47 30 -1 -1 -1 -1 
122 29 172 231 46 31 -1 -1 -1 -1 
123 29 150 236 55 35 -1 -1 -1 -1 
124 29 134 242 56 38 -1 -1 -1 -1 
125 29 102 255 64 43 -1 -1 -1 -1 
126 29 85 264 66 44 -1 -1 -1 -1 
127 29 85 264 66 44 -1 -1 -1 -1 
132 20 303 184 18 15 -1 -1 -1 -1 
132 43 418 226 22 21 -1 -1 -1 -1 
133 20 300 186 18 15 -1 -1 -1 -1 
133 43 420 225 22 27 -1 -1 -1 -1 
134 20 295 186 19 16 -1 -1 -1 -1 
134 31 251 190 26 19 -1 -1 -1 -1 
134 43 419 229 26 30 -1 -1 -1 -1 
135 20 290 188 21 17 -1 -1 -1 -1 
135 31 245 192 25 19 -1 -1 -1 -1 
135 43 419 232 27 31 -1 -1 -1 -1 
136 20 288 191 19 16 -1 -1 -1 -1 
136 31 245 192 25 19 -1 -1 -1 -1 
