6 1 362 190 17 18 -1 -1 -1 -1 
8 1 353 194 21 21 -1 -1 -1 -1 
9 1 349 196 22 22 -1 -1 -1 -1 
10 1 343 199 23 24 -1 -1 -1 -1 
11 1 336 202 27 28 -1 -1 -1 -1 
12 1 325 209 32 29 -1 -1 -1 -1 
13 1 311 211 38 39 -1 -1 -1 -1 
14 1 291 221 48 48 -1 -1 -1 -1 
14 3 423 195 16 17 -1 -1 -1 -1 
15 1 291 221 48 48 -1 -1 -1 -1 
15 3 423 199 16 15 -1 -1 -1 -1 
16 3 423 201 17 18 -1 -1 -1 -1 
17 3 423 204 17 16 -1 -1 -1 -1 
18 3 424 205 16 17 -1 -1 -1 -1 
19 3 424 206 18 18 -1 -1 -1 -1 
20 3 424 208 17 19 -1 -1 -1 -1 
21 3 425 210 17 20 -1 -1 -1 -1 
22 3 425 212 17 21 -1 -1 -1 -1 
23 3 425 214 18 21 -1 -1 -1 -1 
24 3 425 215 20 24 -1 -1 -1 -1 
25 3 424 219 22 23 -1 -1 -1 -1 
26 3 425 223 23 23 -1 -1 -1 -1 
27 3 425 224 24 27 -1 -1 -1 -1 
28 3 425 227 25 27 -1 -1 -1 -1 
29 3 426 233 25 29 -1 -1 -1 -1 
30 3 426 237 26 30 -1 -1 -1 -1 
31 3 427 239 26 35 -1 -1 -1 -1 
32 3 428 246 29 34 -1 -1 -1 -1 
33 3 427 252 32 36 -1 -1 -1 -1 
34 3 428 256 32 41 -1 -1 -1 -1 
34 18 247 197 27 23 -1 -1 -1 -1 
35 3 430 262 33 47 -1 -1 -1 -1 
35 18 238 199 29 25 -1 -1 -1 -1 
36 3 430 262 33 47 -1 -1 -1 -1 
36 18 223 204 32 28 -1 -1 -1 -1 
37 18 223 204 32 28 -1 -1 -1 -1 
39 23 429 299 50 68 -1 -1 -1 -1 
40 23 432 310 50 76 -1 -1 -1 -1 
40 25 169 222 40 28 -1 -1 -1 -1 
41 23 432 329 57 87 -1 -1 -1 -1 
41 25 169 222 40 28 -1 -1 -1 -1 
42 23 435 348 61 98 -1 -1 -1 -1 
43 23 435 370 68 107 -1 -1 -1 -1 
43 26 101 242 56 42 -1 -1 -1 -1 
44 23 438 396 72 81 -1 -1 -1 -1 
44 26 73 253 63 43 -1 -1 -1 -1 
45 23 438 396 72 81 -1 -1 -1 -1 
46 26 1 278 76 58 -1 -1 -1 -1 
47 26 1 278 76 58 -1 -1 -1 -1 
49 27 325 171 16 10 -1 -1 -1 -1 
52 27 318 173 17 10 -1 -1 -1 -1 
