3 1 435 385 66 93 -1 -1 -1 -1 
4 1 441 408 65 70 -1 -1 -1 -1 
12 8 451 413 70 66 -1 -1 -1 -1 
13 8 451 413 70 66 -1 -1 -1 -1 
14 9 425 276 39 41 -1 -1 -1 -1 
29 11 428 377 69 96 -1 -1 -1 -1 
61 14 314 178 18 12 -1 -1 -1 -1 
62 14 308 179 21 14 -1 -1 -1 -1 
63 14 306 181 21 13 -1 -1 -1 -1 
64 14 300 184 22 13 -1 -1 -1 -1 
65 14 298 186 19 14 -1 -1 -1 -1 
66 14 291 186 22 16 -1 -1 -1 -1 
67 14 288 189 21 14 -1 -1 -1 -1 
68 14 281 191 22 16 -1 -1 -1 -1 
69 14 278 192 22 17 -1 -1 -1 -1 
70 14 267 195 27 18 -1 -1 -1 -1 
71 14 260 199 27 19 -1 -1 -1 -1 
72 14 252 203 30 20 -1 -1 -1 -1 
73 14 245 205 30 21 -1 -1 -1 -1 
74 14 230 211 33 22 -1 -1 -1 -1 
75 14 217 216 37 24 -1 -1 -1 -1 
76 14 207 219 37 25 -1 -1 -1 -1 
77 14 187 229 43 26 -1 -1 -1 -1 
77 15 221 201 30 21 -1 -1 -1 -1 
78 14 170 235 45 28 -1 -1 -1 -1 
78 15 210 203 34 22 -1 -1 -1 -1 
79 14 152 241 50 30 -1 -1 -1 -1 
79 15 202 208 34 21 -1 -1 -1 -1 
80 14 132 250 54 34 -1 -1 -1 -1 
80 15 191 209 38 24 -1 -1 -1 -1 
81 14 132 250 54 34 -1 -1 -1 -1 
81 15 178 214 39 26 -1 -1 -1 -1 
82 15 158 220 44 29 -1 -1 -1 -1 
83 15 147 225 44 29 -1 -1 -1 -1 
84 15 131 229 48 32 -1 -1 -1 -1 
85 15 109 236 52 35 -1 -1 -1 -1 
86 15 109 236 52 35 -1 -1 -1 -1 
