7 3 361 187 20 16 -1 -1 -1 -1 
8 3 359 190 19 16 -1 -1 -1 -1 
9 3 354 190 21 21 -1 -1 -1 -1 
10 3 349 195 23 18 -1 -1 -1 -1 
11 3 343 196 27 23 -1 -1 -1 -1 
12 3 336 201 29 24 -1 -1 -1 -1 
13 3 330 203 31 27 -1 -1 -1 -1 
14 3 318 208 35 33 -1 -1 -1 -1 
15 3 302 215 45 37 -1 -1 -1 -1 
16 3 289 219 49 47 -1 -1 -1 -1 
17 3 263 228 64 56 -1 -1 -1 -1 
18 3 243 236 70 67 -1 -1 -1 -1 
19 3 208 250 91 85 -1 -1 -1 -1 
20 3 162 268 118 108 -1 -1 -1 -1 
21 3 162 268 118 108 -1 -1 -1 -1 
23 9 2 358 161 118 -1 -1 -1 -1 
30 12 313 177 14 13 -1 -1 -1 -1 
31 12 309 180 14 11 -1 -1 -1 -1 
32 12 307 182 14 10 -1 -1 -1 -1 
33 12 301 183 17 14 -1 -1 -1 -1 
34 12 301 183 17 14 -1 -1 -1 -1 
43 18 252 199 28 22 -1 -1 -1 -1 
44 18 243 205 30 20 -1 -1 -1 -1 
45 18 235 206 30 23 -1 -1 -1 -1 
46 18 224 208 34 27 -1 -1 -1 -1 
47 18 215 213 38 27 -1 -1 -1 -1 
48 18 200 218 38 29 -1 -1 -1 -1 
49 18 193 222 38 28 -1 -1 -1 -1 
50 18 174 228 43 34 -1 -1 -1 -1 
75 25 319 180 20 15 -1 -1 -1 -1 
76 25 316 182 19 14 -1 -1 -1 -1 
78 25 309 185 21 15 -1 -1 -1 -1 
79 25 304 188 21 15 -1 -1 -1 -1 
80 25 300 189 22 15 -1 -1 -1 -1 
81 25 295 193 21 15 -1 -1 -1 -1 
83 25 282 197 24 18 -1 -1 -1 -1 
84 25 275 199 26 19 -1 -1 -1 -1 
85 25 269 202 26 18 -1 -1 -1 -1 
86 25 260 205 28 19 -1 -1 -1 -1 
87 25 253 209 28 20 -1 -1 -1 -1 
88 25 240 213 33 19 -1 -1 -1 -1 
89 25 223 219 35 22 -1 -1 -1 -1 
90 25 211 225 37 22 -1 -1 -1 -1 
91 25 194 231 40 21 -1 -1 -1 -1 
92 25 175 238 43 28 -1 -1 -1 -1 
93 25 175 238 43 28 -1 -1 -1 -1 
119 35 218 203 26 21 -1 -1 -1 -1 
120 35 205 207 32 21 -1 -1 -1 -1 
121 35 195 210 34 23 -1 -1 -1 -1 
122 35 180 215 34 25 -1 -1 -1 -1 
123 35 160 223 41 25 -1 -1 -1 -1 
124 35 144 227 46 29 -1 -1 -1 -1 
125 35 118 239 47 30 -1 -1 -1 -1 
126 35 93 243 53 37 -1 -1 -1 -1 
127 35 72 253 55 37 -1 -1 -1 -1 
127 39 146 240 48 32 -1 -1 -1 -1 
128 35 49 263 57 40 -1 -1 -1 -1 
128 39 126 245 56 37 -1 -1 -1 -1 
129 35 16 274 60 47 -1 -1 -1 -1 
129 39 126 245 56 37 -1 -1 -1 -1 
130 35 0 288 52 52 -1 -1 -1 -1 
131 35 0 288 52 52 -1 -1 -1 -1 
155 43 357 189 19 17 -1 -1 -1 -1 
156 43 355 191 19 17 -1 -1 -1 -1 
157 43 351 192 21 18 -1 -1 -1 -1 
158 43 347 193 23 19 -1 -1 -1 -1 
159 43 343 195 25 19 -1 -1 -1 -1 
160 43 343 197 21 21 -1 -1 -1 -1 
161 43 338 200 22 22 -1 -1 -1 -1 
162 43 331 202 26 23 -1 -1 -1 -1 
163 43 324 206 29 24 -1 -1 -1 -1 
163 44 296 192 22 17 -1 -1 -1 -1 
164 43 321 208 28 27 -1 -1 -1 -1 
164 44 294 194 21 16 -1 -1 -1 -1 
165 43 310 212 32 30 -1 -1 -1 -1 
165 44 289 194 24 17 -1 -1 -1 -1 
166 43 299 217 39 34 -1 -1 -1 -1 
166 44 283 197 26 17 -1 -1 -1 -1 
167 43 287 223 44 35 -1 -1 -1 -1 
167 44 281 200 23 16 -1 -1 -1 -1 
168 43 262 231 58 44 -1 -1 -1 -1 
168 44 274 203 25 14 -1 -1 -1 -1 
169 43 242 240 65 54 -1 -1 -1 -1 
169 44 268 205 27 16 -1 -1 -1 -1 
170 43 222 247 70 67 -1 -1 -1 -1 
170 44 264 207 28 15 -1 -1 -1 -1 
171 43 222 247 70 67 -1 -1 -1 -1 
171 44 254 212 29 16 -1 -1 -1 -1 
172 44 251 213 30 16 -1 -1 -1 -1 
173 44 243 217 28 15 -1 -1 -1 -1 
174 44 232 222 31 17 -1 -1 -1 -1 
175 44 225 225 34 16 -1 -1 -1 -1 
176 44 225 225 34 16 -1 -1 -1 -1 
221 59 295 193 21 15 -1 -1 -1 -1 
222 59 318 179 15 15 -1 -1 -1 -1 
223 59 286 197 21 15 -1 -1 -1 -1 
224 59 286 197 21 15 -1 -1 -1 -1 
225 59 309 184 17 15 -1 -1 -1 -1 
227 59 298 187 20 16 -1 -1 -1 -1 
228 59 294 188 21 17 -1 -1 -1 -1 
229 59 290 192 21 16 -1 -1 -1 -1 
230 59 290 192 21 16 -1 -1 -1 -1 
232 59 273 199 24 18 -1 -1 -1 -1 
234 59 259 203 29 21 -1 -1 -1 -1 
235 59 254 206 28 20 -1 -1 -1 -1 
236 59 246 210 29 20 -1 -1 -1 -1 
237 59 236 214 31 18 -1 -1 -1 -1 
248 68 61 254 60 44 -1 -1 -1 -1 
249 68 61 254 60 44 -1 -1 -1 -1 
267 73 200 226 36 25 -1 -1 -1 -1 
268 73 200 226 36 25 -1 -1 -1 -1 
284 77 451 274 15 34 -1 -1 -1 -1 
303 80 0 290 26 41 -1 -1 -1 -1 
342 83 325 179 16 14 -1 -1 -1 -1 
343 83 320 181 18 15 -1 -1 -1 -1 
345 83 313 180 22 18 -1 -1 -1 -1 
347 83 312 185 20 15 -1 -1 -1 -1 
348 83 312 185 20 15 -1 -1 -1 -1 
351 83 305 188 19 16 -1 -1 -1 -1 
352 83 302 191 18 15 -1 -1 -1 -1 
353 83 298 192 22 15 -1 -1 -1 -1 
354 83 295 194 22 15 -1 -1 -1 -1 
355 83 290 194 23 14 -1 -1 -1 -1 
356 83 287 196 24 14 -1 -1 -1 -1 
356 86 221 206 34 24 -1 -1 -1 -1 
357 83 283 198 27 14 -1 -1 -1 -1 
357 86 209 209 38 25 -1 -1 -1 -1 
358 83 283 198 27 14 -1 -1 -1 -1 
