35 29 381 181 15 11 -1 -1 -1 -1 
35 30 421 192 17 18 -1 -1 -1 -1 
35 31 351 196 21 16 -1 -1 -1 -1 
36 29 381 181 15 11 -1 -1 -1 -1 
36 30 422 192 16 19 -1 -1 -1 -1 
36 31 348 195 21 19 -1 -1 -1 -1 
36 32 154 237 45 34 -1 -1 -1 -1 
37 30 422 193 16 19 -1 -1 -1 -1 
37 31 341 200 26 19 -1 -1 -1 -1 
37 32 131 247 51 38 -1 -1 -1 -1 
38 29 375 188 14 11 -1 -1 -1 -1 
38 30 422 194 17 19 -1 -1 -1 -1 
38 31 337 201 26 22 -1 -1 -1 -1 
38 32 111 254 55 39 -1 -1 -1 -1 
39 29 373 189 15 11 -1 -1 -1 -1 
39 30 422 194 17 19 -1 -1 -1 -1 
39 31 333 203 27 24 -1 -1 -1 -1 
40 29 371 189 16 13 -1 -1 -1 -1 
40 30 423 199 16 17 -1 -1 -1 -1 
40 31 323 210 30 26 -1 -1 -1 -1 
40 32 57 274 64 47 -1 -1 -1 -1 
41 29 369 190 17 15 -1 -1 -1 -1 
41 30 422 200 17 19 -1 -1 -1 -1 
41 31 314 213 34 29 -1 -1 -1 -1 
41 32 29 283 70 55 -1 -1 -1 -1 
42 29 364 193 20 16 -1 -1 -1 -1 
42 30 422 200 18 20 -1 -1 -1 -1 
42 31 301 219 41 33 -1 -1 -1 -1 
42 32 29 283 70 55 -1 -1 -1 -1 
43 29 361 195 20 18 -1 -1 -1 -1 
43 30 423 201 17 21 -1 -1 -1 -1 
43 31 301 219 41 33 -1 -1 -1 -1 
44 29 357 195 22 22 -1 -1 -1 -1 
44 30 423 203 18 20 -1 -1 -1 -1 
45 29 349 201 27 23 -1 -1 -1 -1 
45 30 423 204 19 21 -1 -1 -1 -1 
46 29 344 206 28 21 -1 -1 -1 -1 
46 30 424 203 19 24 -1 -1 -1 -1 
47 29 335 208 32 30 -1 -1 -1 -1 
47 30 423 207 22 23 -1 -1 -1 -1 
48 29 326 215 36 29 -1 -1 -1 -1 
48 30 424 208 20 24 -1 -1 -1 -1 
49 29 311 221 42 38 -1 -1 -1 -1 
49 30 424 210 21 25 -1 -1 -1 -1 
50 29 311 221 42 38 -1 -1 -1 -1 
50 30 424 212 22 26 -1 -1 -1 -1 
50 46 310 182 17 12 -1 -1 -1 -1 
51 30 425 214 22 26 -1 -1 -1 -1 
51 46 308 184 16 12 -1 -1 -1 -1 
52 30 425 217 23 26 -1 -1 -1 -1 
52 46 308 184 16 12 -1 -1 -1 -1 
53 30 425 218 23 27 -1 -1 -1 -1 
54 30 426 222 24 28 -1 -1 -1 -1 
54 46 420 199 16 14 -1 -1 -1 -1 
55 30 428 224 22 29 -1 -1 -1 -1 
55 46 420 201 17 14 -1 -1 -1 -1 
56 30 427 226 24 31 -1 -1 -1 -1 
56 31 281 191 23 20 -1 -1 -1 -1 
56 46 420 200 18 17 -1 -1 -1 -1 
57 30 427 230 25 33 -1 -1 -1 -1 
57 31 333 176 16 16 -1 -1 -1 -1 
57 46 420 202 18 16 -1 -1 -1 -1 
58 30 427 233 27 33 -1 -1 -1 -1 
58 31 330 176 16 15 -1 -1 -1 -1 
58 46 421 204 17 16 -1 -1 -1 -1 
59 30 428 236 28 36 -1 -1 -1 -1 
59 31 381 173 16 15 -1 -1 -1 -1 
59 46 420 205 19 17 -1 -1 -1 -1 
60 30 430 241 26 35 -1 -1 -1 -1 
60 31 380 175 16 14 -1 -1 -1 -1 
60 46 421 207 18 16 -1 -1 -1 -1 
60 63 251 200 27 25 -1 -1 -1 -1 
61 30 430 242 28 39 -1 -1 -1 -1 
61 31 322 181 16 14 -1 -1 -1 -1 
61 46 422 207 18 17 -1 -1 -1 -1 
61 63 245 202 30 25 -1 -1 -1 -1 
62 30 431 246 29 43 -1 -1 -1 -1 
62 31 378 178 16 13 -1 -1 -1 -1 
62 46 423 209 17 17 -1 -1 -1 -1 
62 63 234 207 31 25 -1 -1 -1 -1 
63 30 431 246 29 43 -1 -1 -1 -1 
63 31 377 180 17 13 -1 -1 -1 -1 
63 46 422 211 20 20 -1 -1 -1 -1 
63 63 218 213 35 27 -1 -1 -1 -1 
64 31 377 182 16 12 -1 -1 -1 -1 
64 46 423 213 19 20 -1 -1 -1 -1 
64 63 210 216 34 28 -1 -1 -1 -1 
65 31 377 181 17 15 -1 -1 -1 -1 
65 46 423 215 20 22 -1 -1 -1 -1 
65 63 193 223 38 29 -1 -1 -1 -1 
66 30 433 269 35 54 -1 -1 -1 -1 
66 31 372 182 21 15 -1 -1 -1 -1 
66 46 424 216 21 24 -1 -1 -1 -1 
66 63 175 228 44 36 -1 -1 -1 -1 
67 30 434 274 37 56 -1 -1 -1 -1 
67 31 371 184 22 15 -1 -1 -1 -1 
67 46 424 219 21 24 -1 -1 -1 -1 
67 63 157 234 49 37 -1 -1 -1 -1 
68 30 435 283 39 61 -1 -1 -1 -1 
68 31 370 183 22 18 -1 -1 -1 -1 
68 46 424 223 23 22 -1 -1 -1 -1 
68 63 134 243 53 42 -1 -1 -1 -1 
69 30 435 283 39 61 -1 -1 -1 -1 
69 31 369 185 21 17 -1 -1 -1 -1 
69 46 424 226 25 24 -1 -1 -1 -1 
69 63 107 254 62 46 -1 -1 -1 -1 
70 31 366 186 23 17 -1 -1 -1 -1 
70 46 424 228 26 25 -1 -1 -1 -1 
70 63 75 265 61 51 -1 -1 -1 -1 
71 31 365 187 23 19 -1 -1 -1 -1 
71 46 425 230 26 28 -1 -1 -1 -1 
71 63 46 277 68 54 -1 -1 -1 -1 
72 31 366 183 22 26 -1 -1 -1 -1 
72 46 426 236 25 26 -1 -1 -1 -1 
72 63 5 294 74 55 -1 -1 -1 -1 
73 31 365 189 21 22 -1 -1 -1 -1 
73 46 425 238 27 30 -1 -1 -1 -1 
73 63 5 294 74 55 -1 -1 -1 -1 
74 31 343 191 21 21 -1 -1 -1 -1 
74 46 426 242 28 31 -1 -1 -1 -1 
75 31 343 191 21 21 -1 -1 -1 -1 
75 46 427 247 28 33 -1 -1 -1 -1 
75 81 443 380 69 99 -1 -1 -1 -1 
76 31 333 197 22 23 -1 -1 -1 -1 
76 46 428 250 29 32 -1 -1 -1 -1 
76 81 443 380 69 99 -1 -1 -1 -1 
77 31 325 199 27 24 -1 -1 -1 -1 
77 46 428 255 30 35 -1 -1 -1 -1 
78 31 316 203 30 26 -1 -1 -1 -1 
78 46 427 258 33 38 -1 -1 -1 -1 
79 31 316 203 30 26 -1 -1 -1 -1 
79 46 429 267 34 38 -1 -1 -1 -1 
79 88 348 208 26 28 -1 -1 -1 -1 
80 46 429 274 36 41 -1 -1 -1 -1 
80 88 342 211 31 34 -1 -1 -1 -1 
81 46 429 279 41 47 -1 -1 -1 -1 
81 88 334 214 35 38 -1 -1 -1 -1 
82 46 430 286 42 49 -1 -1 -1 -1 
82 88 326 220 41 42 -1 -1 -1 -1 
83 46 430 295 43 53 -1 -1 -1 -1 
83 88 315 226 46 50 -1 -1 -1 -1 
84 46 431 304 46 59 -1 -1 -1 -1 
84 88 301 234 54 57 -1 -1 -1 -1 
85 46 432 315 50 64 -1 -1 -1 -1 
85 88 279 244 65 72 -1 -1 -1 -1 
86 31 332 177 16 14 -1 -1 -1 -1 
86 46 433 325 50 69 -1 -1 -1 -1 
86 88 258 255 79 82 -1 -1 -1 -1 
86 97 259 205 62 62 -1 -1 -1 -1 
87 31 332 177 16 14 -1 -1 -1 -1 
87 46 433 340 57 77 -1 -1 -1 -1 
88 46 435 357 61 86 -1 -1 -1 -1 
88 97 174 225 106 99 -1 -1 -1 -1 
89 46 436 372 64 94 -1 -1 -1 -1 
89 97 129 237 126 121 -1 -1 -1 -1 
90 46 438 389 67 90 -1 -1 -1 -1 
90 97 57 253 165 158 -1 -1 -1 -1 
90 100 65 377 170 101 -1 -1 -1 -1 
91 31 422 201 17 18 -1 -1 -1 -1 
91 46 438 415 67 63 -1 -1 -1 -1 
91 97 1 286 146 193 -1 -1 -1 -1 
92 31 423 202 17 19 -1 -1 -1 -1 
92 46 441 437 69 41 -1 -1 -1 -1 
93 31 423 203 17 20 -1 -1 -1 -1 
94 31 423 204 19 21 -1 -1 -1 -1 
95 31 424 204 19 26 -1 -1 -1 -1 
96 31 424 207 19 25 -1 -1 -1 -1 
97 31 424 209 20 26 -1 -1 -1 -1 
98 31 424 210 22 29 -1 -1 -1 -1 
99 31 425 213 21 29 -1 -1 -1 -1 
100 31 425 217 23 30 -1 -1 -1 -1 
100 102 268 205 26 16 -1 -1 -1 -1 
101 31 425 221 24 31 -1 -1 -1 -1 
101 102 261 208 26 17 -1 -1 -1 -1 
102 31 425 224 26 31 -1 -1 -1 -1 
102 102 253 212 27 16 -1 -1 -1 -1 
103 31 426 225 26 37 -1 -1 -1 -1 
103 102 245 214 29 18 -1 -1 -1 -1 
104 31 425 231 28 37 -1 -1 -1 -1 
104 102 236 220 31 17 -1 -1 -1 -1 
105 31 427 236 27 36 -1 -1 -1 -1 
106 31 427 240 29 38 -1 -1 -1 -1 
116 106 442 220 8 17 -1 -1 -1 -1 
117 106 442 220 8 17 -1 -1 -1 -1 
119 107 440 342 62 104 -1 -1 -1 -1 
127 106 435 219 7 17 -1 -1 -1 -1 
128 106 436 220 9 20 -1 -1 -1 -1 
129 106 437 222 9 20 -1 -1 -1 -1 
130 106 438 227 10 21 -1 -1 -1 -1 
131 106 439 231 9 22 -1 -1 -1 -1 
132 106 440 231 9 25 -1 -1 -1 -1 
133 106 442 237 9 24 -1 -1 -1 -1 
134 106 442 239 10 25 -1 -1 -1 -1 
135 106 442 246 12 23 -1 -1 -1 -1 
236 113 321 179 17 14 -1 -1 -1 -1 
237 113 319 181 16 13 -1 -1 -1 -1 
239 113 313 184 18 15 -1 -1 -1 -1 
240 113 310 187 18 15 -1 -1 -1 -1 
241 113 328 176 20 15 -1 -1 -1 -1 
242 113 324 176 22 16 -1 -1 -1 -1 
243 113 298 192 21 16 -1 -1 -1 -1 
244 113 323 179 21 14 -1 -1 -1 -1 
245 113 322 181 19 12 -1 -1 -1 -1 
246 113 318 182 21 14 -1 -1 -1 -1 
246 118 283 199 24 16 -1 -1 -1 -1 
247 113 315 181 24 16 -1 -1 -1 -1 
247 118 277 201 27 16 -1 -1 -1 -1 
342 139 454 291 15 36 -1 -1 -1 -1 
343 139 455 299 14 36 -1 -1 -1 -1 
344 139 458 314 17 41 -1 -1 -1 -1 
371 142 248 196 28 20 -1 -1 -1 -1 
372 142 248 196 28 20 -1 -1 -1 -1 
373 142 229 202 35 21 -1 -1 -1 -1 
373 143 195 212 35 24 -1 -1 -1 -1 
374 142 229 202 35 21 -1 -1 -1 -1 
375 142 202 211 38 23 -1 -1 -1 -1 
376 142 191 214 39 26 -1 -1 -1 -1 
376 144 135 232 50 30 -1 -1 -1 -1 
377 142 173 223 41 27 -1 -1 -1 -1 
377 144 135 232 50 30 -1 -1 -1 -1 
378 142 159 227 41 30 -1 -1 -1 -1 
379 142 144 233 42 32 -1 -1 -1 -1 
379 148 358 190 20 19 -1 -1 -1 -1 
380 142 130 238 45 34 -1 -1 -1 -1 
380 148 355 192 21 18 -1 -1 -1 -1 
381 142 130 238 45 34 -1 -1 -1 -1 
381 148 350 196 22 21 -1 -1 -1 -1 
382 148 344 198 25 22 -1 -1 -1 -1 
383 148 337 202 26 25 -1 -1 -1 -1 
384 148 330 207 29 25 -1 -1 -1 -1 
385 148 320 209 34 32 -1 -1 -1 -1 
386 148 306 215 41 36 -1 -1 -1 -1 
387 148 291 222 47 44 -1 -1 -1 -1 
425 167 240 207 32 21 -1 -1 -1 -1 
426 167 232 210 30 23 -1 -1 -1 -1 
427 167 219 214 34 25 -1 -1 -1 -1 
428 167 207 218 36 27 -1 -1 -1 -1 
429 167 190 226 40 27 -1 -1 -1 -1 
430 167 173 231 43 32 -1 -1 -1 -1 
431 167 153 239 48 35 -1 -1 -1 -1 
432 167 132 248 51 35 -1 -1 -1 -1 
433 167 104 256 60 43 -1 -1 -1 -1 
472 171 256 203 28 20 -1 -1 -1 -1 
473 171 250 205 28 22 -1 -1 -1 -1 
474 171 238 208 34 24 -1 -1 -1 -1 
475 171 228 212 34 25 -1 -1 -1 -1 
476 171 215 217 37 25 -1 -1 -1 -1 
477 171 197 224 41 27 -1 -1 -1 -1 
486 172 367 186 19 15 -1 -1 -1 -1 
487 172 365 187 20 15 -1 -1 -1 -1 
488 172 361 189 21 14 -1 -1 -1 -1 
489 172 361 191 18 15 -1 -1 -1 -1 
490 172 358 191 20 18 -1 -1 -1 -1 
491 172 356 194 20 18 -1 -1 -1 -1 
492 172 351 197 23 17 -1 -1 -1 -1 
493 172 347 196 25 21 -1 -1 -1 -1 
494 172 341 198 30 22 -1 -1 -1 -1 
495 172 337 201 30 23 -1 -1 -1 -1 
496 172 331 204 31 26 -1 -1 -1 -1 
497 172 325 209 31 27 -1 -1 -1 -1 
498 172 317 210 35 30 -1 -1 -1 -1 
499 172 301 215 45 37 -1 -1 -1 -1 
500 172 288 220 52 43 -1 -1 -1 -1 
501 172 273 227 58 49 -1 -1 -1 -1 
502 172 251 234 68 61 -1 -1 -1 -1 
503 172 223 243 83 72 -1 -1 -1 -1 
504 172 189 257 99 92 -1 -1 -1 -1 
505 172 189 257 99 92 -1 -1 -1 -1 
507 183 148 228 45 28 -1 -1 -1 -1 
508 183 148 228 45 28 -1 -1 -1 -1 
510 185 344 202 22 20 -1 -1 -1 -1 
511 185 337 206 27 20 -1 -1 -1 -1 
512 185 335 208 24 24 -1 -1 -1 -1 
513 185 322 215 30 24 -1 -1 -1 -1 
514 185 313 217 35 32 -1 -1 -1 -1 
515 185 290 227 47 39 -1 -1 -1 -1 
516 185 272 235 53 47 -1 -1 -1 -1 
568 202 366 186 17 13 -1 -1 -1 -1 
569 202 363 187 19 14 -1 -1 -1 -1 
570 202 360 189 19 12 -1 -1 -1 -1 
571 202 358 188 20 17 -1 -1 -1 -1 
572 202 355 191 20 16 -1 -1 -1 -1 
573 202 351 192 21 18 -1 -1 -1 -1 
574 202 348 195 22 17 -1 -1 -1 -1 
575 202 344 196 23 20 -1 -1 -1 -1 
576 202 341 198 24 19 -1 -1 -1 -1 
577 202 334 198 27 25 -1 -1 -1 -1 
578 202 327 205 31 22 -1 -1 -1 -1 
579 202 324 207 30 24 -1 -1 -1 -1 
580 202 313 211 32 28 -1 -1 -1 -1 
581 202 300 214 40 33 -1 -1 -1 -1 
582 202 279 221 54 35 -1 -1 -1 -1 
583 202 261 228 61 42 -1 -1 -1 -1 
584 202 249 236 60 50 -1 -1 -1 -1 
585 202 219 247 75 62 -1 -1 -1 -1 
586 202 219 247 75 62 -1 -1 -1 -1 
621 216 357 195 22 17 -1 -1 -1 -1 
622 216 354 197 21 18 -1 -1 -1 -1 
623 216 348 198 23 19 -1 -1 -1 -1 
624 216 343 202 25 19 -1 -1 -1 -1 
625 216 338 204 29 21 -1 -1 -1 -1 
626 216 333 208 29 22 -1 -1 -1 -1 
627 216 323 210 34 26 -1 -1 -1 -1 
628 216 315 214 36 31 -1 -1 -1 -1 
675 229 379 180 13 10 -1 -1 -1 -1 
676 229 379 181 12 9 -1 -1 -1 -1 
677 229 378 181 13 11 -1 -1 -1 -1 
678 229 375 182 15 11 -1 -1 -1 -1 
679 229 375 183 14 11 -1 -1 -1 -1 
680 229 374 185 15 11 -1 -1 -1 -1 
681 229 372 186 17 12 -1 -1 -1 -1 
682 229 370 187 17 13 -1 -1 -1 -1 
683 229 367 189 19 12 -1 -1 -1 -1 
684 229 366 189 19 14 -1 -1 -1 -1 
685 229 366 190 19 15 -1 -1 -1 -1 
686 229 362 191 21 16 -1 -1 -1 -1 
687 229 361 191 19 18 -1 -1 -1 -1 
688 229 358 194 20 18 -1 -1 -1 -1 
689 229 355 195 21 18 -1 -1 -1 -1 
690 229 349 197 25 20 -1 -1 -1 -1 
691 229 347 198 25 21 -1 -1 -1 -1 
692 229 342 200 26 22 -1 -1 -1 -1 
693 229 336 205 28 21 -1 -1 -1 -1 
694 229 331 207 30 25 -1 -1 -1 -1 
695 229 323 208 33 28 -1 -1 -1 -1 
696 229 316 212 37 30 -1 -1 -1 -1 
697 229 304 217 43 33 -1 -1 -1 -1 
704 232 100 296 142 127 -1 -1 -1 -1 
705 232 100 296 142 127 -1 -1 -1 -1 
718 237 365 190 19 15 -1 -1 -1 -1 
719 229 363 191 19 15 -1 -1 -1 -1 
720 229 364 192 16 16 -1 -1 -1 -1 
721 229 362 193 18 16 -1 -1 -1 -1 
722 229 357 195 22 18 -1 -1 -1 -1 
723 229 354 196 21 21 -1 -1 -1 -1 
724 229 354 196 21 21 -1 -1 -1 -1 
725 229 341 204 26 24 -1 -1 -1 -1 
726 229 341 204 26 24 -1 -1 -1 -1 
728 239 314 218 38 35 -1 -1 -1 -1 
732 240 245 253 69 62 -1 -1 -1 -1 
733 240 245 253 69 62 -1 -1 -1 -1 
751 229 271 191 20 16 -1 -1 -1 -1 
752 229 264 194 21 17 -1 -1 -1 -1 
753 229 257 197 26 18 -1 -1 -1 -1 
754 229 249 198 27 20 -1 -1 -1 -1 
755 229 239 200 33 23 -1 -1 -1 -1 
756 229 230 204 33 23 -1 -1 -1 -1 
757 229 212 212 38 25 -1 -1 -1 -1 
758 229 203 216 35 28 -1 -1 -1 -1 
759 229 183 223 41 33 -1 -1 -1 -1 
760 229 168 230 43 33 -1 -1 -1 -1 
761 229 168 230 43 33 -1 -1 -1 -1 
795 263 313 177 15 13 -1 -1 -1 -1 
796 263 311 181 14 11 -1 -1 -1 -1 
797 263 307 181 15 12 -1 -1 -1 -1 
798 263 302 183 17 14 -1 -1 -1 -1 
799 263 298 184 17 15 -1 -1 -1 -1 
800 263 293 185 19 16 -1 -1 -1 -1 
801 263 289 188 17 15 -1 -1 -1 -1 
802 263 279 190 22 17 -1 -1 -1 -1 
803 263 279 190 22 17 -1 -1 -1 -1 
804 263 267 193 24 21 -1 -1 -1 -1 
804 264 317 176 25 17 -1 -1 -1 -1 
805 263 258 197 26 19 -1 -1 -1 -1 
805 264 315 175 24 18 -1 -1 -1 -1 
806 263 246 200 29 23 -1 -1 -1 -1 
806 264 312 176 24 19 -1 -1 -1 -1 
807 263 235 203 31 24 -1 -1 -1 -1 
808 263 224 208 33 24 -1 -1 -1 -1 
809 263 211 213 37 26 -1 -1 -1 -1 
810 263 199 218 37 28 -1 -1 -1 -1 
811 263 181 225 42 30 -1 -1 -1 -1 
812 263 157 232 47 35 -1 -1 -1 -1 
813 263 145 237 47 35 -1 -1 -1 -1 
814 263 145 237 47 35 -1 -1 -1 -1 
825 271 430 224 8 23 -1 -1 -1 -1 
889 278 364 185 18 14 -1 -1 -1 -1 
890 278 363 187 17 14 -1 -1 -1 -1 
891 278 358 189 19 14 -1 -1 -1 -1 
892 278 357 189 18 17 -1 -1 -1 -1 
893 278 351 193 21 19 -1 -1 -1 -1 
894 278 344 196 23 21 -1 -1 -1 -1 
895 278 340 200 25 22 -1 -1 -1 -1 
896 278 334 201 27 25 -1 -1 -1 -1 
897 278 325 206 31 27 -1 -1 -1 -1 
898 278 314 210 36 30 -1 -1 -1 -1 
898 284 431 248 28 35 -1 -1 -1 -1 
899 278 314 210 36 30 -1 -1 -1 -1 
899 284 431 253 31 37 -1 -1 -1 -1 
912 294 441 390 71 88 -1 -1 -1 -1 
952 301 356 197 20 18 -1 -1 -1 -1 
954 301 344 205 25 22 -1 -1 -1 -1 
955 301 337 209 25 26 -1 -1 -1 -1 
956 301 323 216 31 29 -1 -1 -1 -1 
983 308 309 184 20 16 -1 -1 -1 -1 
984 308 303 185 25 18 -1 -1 -1 -1 
987 308 292 189 25 20 -1 -1 -1 -1 
988 308 288 192 25 18 -1 -1 -1 -1 
989 308 284 194 26 17 -1 -1 -1 -1 
990 308 281 195 26 18 -1 -1 -1 -1 
991 308 277 196 25 19 -1 -1 -1 -1 
992 308 271 198 28 19 -1 -1 -1 -1 
993 308 265 201 30 18 -1 -1 -1 -1 
994 308 258 203 31 20 -1 -1 -1 -1 
995 308 252 204 32 22 -1 -1 -1 -1 
996 308 244 207 34 21 -1 -1 -1 -1 
997 308 234 210 39 22 -1 -1 -1 -1 
998 308 230 213 35 19 -1 -1 -1 -1 
999 308 221 218 37 20 -1 -1 -1 -1 
1000 308 210 221 40 24 -1 -1 -1 -1 
1025 312 382 172 11 9 -1 -1 -1 -1 
1025 313 362 193 20 17 -1 -1 -1 -1 
1026 312 382 172 11 10 -1 -1 -1 -1 
1026 313 360 195 18 17 -1 -1 -1 -1 
1027 312 381 172 12 10 -1 -1 -1 -1 
1027 313 357 197 21 17 -1 -1 -1 -1 
1028 312 381 172 12 10 -1 -1 -1 -1 
1029 313 349 202 22 19 -1 -1 -1 -1 
1030 313 344 204 25 21 -1 -1 -1 -1 
1031 313 338 206 29 23 -1 -1 -1 -1 
1032 312 373 179 14 11 -1 -1 -1 -1 
1032 313 328 213 29 26 -1 -1 -1 -1 
1033 312 372 180 13 10 -1 -1 -1 -1 
1033 313 319 218 33 30 -1 -1 -1 -1 
1034 312 370 179 15 13 -1 -1 -1 -1 
1035 312 368 181 16 12 -1 -1 -1 -1 
1036 312 362 182 20 13 -1 -1 -1 -1 
1037 312 362 183 20 14 -1 -1 -1 -1 
1037 318 528 346 18 49 -1 -1 -1 -1 
1038 312 362 183 17 16 -1 -1 -1 -1 
1038 318 528 346 18 49 -1 -1 -1 -1 
1039 312 356 186 22 15 -1 -1 -1 -1 
1040 312 355 188 21 15 -1 -1 -1 -1 
1041 312 351 189 23 16 -1 -1 -1 -1 
1042 312 350 190 22 19 -1 -1 -1 -1 
1043 312 348 191 23 22 -1 -1 -1 -1 
1044 312 344 193 24 22 -1 -1 -1 -1 
1045 312 343 195 23 23 -1 -1 -1 -1 
1046 312 340 197 23 23 -1 -1 -1 -1 
1047 312 335 201 26 25 -1 -1 -1 -1 
1048 312 328 204 29 27 -1 -1 -1 -1 
1049 312 321 208 32 31 -1 -1 -1 -1 
1050 312 309 213 41 35 -1 -1 -1 -1 
1051 312 309 213 41 35 -1 -1 -1 -1 
1052 324 507 307 13 39 -1 -1 -1 -1 
1053 324 506 305 14 34 -1 -1 -1 -1 
1068 327 348 198 23 20 -1 -1 -1 -1 
1069 327 347 199 21 21 -1 -1 -1 -1 
1070 327 339 203 27 22 -1 -1 -1 -1 
1071 327 336 206 26 23 -1 -1 -1 -1 
1072 327 323 208 33 29 -1 -1 -1 -1 
1073 327 319 213 34 29 -1 -1 -1 -1 
1074 327 309 217 39 35 -1 -1 -1 -1 
1075 327 295 223 45 38 -1 -1 -1 -1 
1076 327 287 228 49 45 -1 -1 -1 -1 
1077 327 262 237 61 57 -1 -1 -1 -1 
1077 331 363 187 19 14 -1 -1 -1 -1 
1078 327 262 237 61 57 -1 -1 -1 -1 
1078 331 358 188 20 14 -1 -1 -1 -1 
1078 332 248 205 27 22 -1 -1 -1 -1 
1079 331 356 189 20 16 -1 -1 -1 -1 
1079 332 238 209 28 23 -1 -1 -1 -1 
1080 331 350 192 22 18 -1 -1 -1 -1 
1080 332 223 215 32 24 -1 -1 -1 -1 
1081 331 346 194 23 19 -1 -1 -1 -1 
1081 332 204 223 37 25 -1 -1 -1 -1 
1082 331 341 196 25 21 -1 -1 -1 -1 
1082 332 186 229 44 27 -1 -1 -1 -1 
1083 331 333 199 27 25 -1 -1 -1 -1 
1084 331 325 205 30 23 -1 -1 -1 -1 
1085 331 317 207 34 28 -1 -1 -1 -1 
1086 331 309 212 34 30 -1 -1 -1 -1 
1087 331 295 216 43 36 -1 -1 -1 -1 
1088 331 295 216 43 36 -1 -1 -1 -1 
