10 9 418 202 23 27 -1 -1 -1 -1 
11 9 419 203 22 27 -1 -1 -1 -1 
12 9 420 205 23 28 -1 -1 -1 -1 
13 9 420 206 23 29 -1 -1 -1 -1 
14 9 420 206 23 29 -1 -1 -1 -1 
15 9 421 213 24 33 -1 -1 -1 -1 
15 11 295 190 22 17 -1 -1 -1 -1 
16 9 421 216 26 33 -1 -1 -1 -1 
16 11 289 192 23 17 -1 -1 -1 -1 
17 9 423 219 25 33 -1 -1 -1 -1 
17 11 282 193 24 19 -1 -1 -1 -1 
18 9 423 220 25 37 -1 -1 -1 -1 
18 11 274 196 29 19 -1 -1 -1 -1 
19 9 421 225 29 37 -1 -1 -1 -1 
19 11 267 201 29 18 -1 -1 -1 -1 
20 9 422 228 28 37 -1 -1 -1 -1 
20 11 263 201 30 19 -1 -1 -1 -1 
21 9 421 230 31 41 -1 -1 -1 -1 
21 11 253 204 32 21 -1 -1 -1 -1 
22 9 421 231 33 45 -1 -1 -1 -1 
22 11 246 207 31 21 -1 -1 -1 -1 
23 9 422 237 33 44 -1 -1 -1 -1 
23 11 232 211 37 25 -1 -1 -1 -1 
24 9 423 246 33 42 -1 -1 -1 -1 
24 11 220 216 38 25 -1 -1 -1 -1 
25 9 423 246 33 42 -1 -1 -1 -1 
26 11 190 227 45 28 -1 -1 -1 -1 
27 11 172 233 49 33 -1 -1 -1 -1 
28 11 156 238 52 35 -1 -1 -1 -1 
29 11 140 246 55 33 -1 -1 -1 -1 
30 11 111 257 62 43 -1 -1 -1 -1 
31 11 79 267 68 46 -1 -1 -1 -1 
31 15 236 179 52 48 -1 -1 -1 -1 
32 11 44 284 69 44 -1 -1 -1 -1 
32 15 236 179 52 48 -1 -1 -1 -1 
33 11 14 299 74 46 -1 -1 -1 -1 
33 15 218 182 61 54 -1 -1 -1 -1 
34 11 0 317 44 38 -1 -1 -1 -1 
34 15 218 182 61 54 -1 -1 -1 -1 
35 11 0 317 44 38 -1 -1 -1 -1 
36 28 429 319 61 91 -1 -1 -1 -1 
37 28 430 326 61 94 -1 -1 -1 -1 
37 33 427 189 30 14 -1 -1 -1 -1 
38 28 429 336 68 102 -1 -1 -1 -1 
38 33 427 189 30 14 -1 -1 -1 -1 
39 28 429 345 73 104 -1 -1 -1 -1 
40 28 430 357 77 114 -1 -1 -1 -1 
40 38 329 179 16 15 -1 -1 -1 -1 
41 28 430 357 77 114 -1 -1 -1 -1 
42 38 325 179 18 15 -1 -1 -1 -1 
43 33 435 192 27 15 -1 -1 -1 -1 
43 38 323 184 17 12 -1 -1 -1 -1 
44 33 435 192 27 15 -1 -1 -1 -1 
44 38 313 184 23 15 -1 -1 -1 -1 
45 33 437 192 23 16 -1 -1 -1 -1 
45 38 314 187 20 12 -1 -1 -1 -1 
46 33 438 193 21 16 -1 -1 -1 -1 
46 38 304 186 26 15 -1 -1 -1 -1 
46 44 259 203 27 20 -1 -1 -1 -1 
47 33 436 193 23 16 -1 -1 -1 -1 
47 38 304 186 26 15 -1 -1 -1 -1 
47 44 235 202 42 23 -1 -1 -1 -1 
48 33 436 194 23 15 -1 -1 -1 -1 
48 44 246 208 29 22 -1 -1 -1 -1 
48 45 366 189 20 21 -1 -1 -1 -1 
49 33 436 195 23 15 -1 -1 -1 -1 
49 44 246 208 29 22 -1 -1 -1 -1 
50 33 436 194 22 17 -1 -1 -1 -1 
50 38 291 197 25 14 -1 -1 -1 -1 
50 45 359 191 25 24 -1 -1 -1 -1 
51 33 436 194 20 16 -1 -1 -1 -1 
51 38 291 197 25 14 -1 -1 -1 -1 
51 45 356 192 28 27 -1 -1 -1 -1 
52 33 435 194 20 17 -1 -1 -1 -1 
52 45 356 192 28 27 -1 -1 -1 -1 
53 33 434 194 21 18 -1 -1 -1 -1 
53 38 371 179 15 14 -1 -1 -1 -1 
54 33 433 193 20 19 -1 -1 -1 -1 
54 38 368 184 16 12 -1 -1 -1 -1 
54 52 153 222 37 27 -1 -1 -1 -1 
55 33 433 196 22 17 -1 -1 -1 -1 
55 38 365 186 17 14 -1 -1 -1 -1 
55 52 127 228 45 31 -1 -1 -1 -1 
55 55 331 197 41 52 -1 -1 -1 -1 
55 57 233 200 31 30 -1 -1 -1 -1 
56 33 429 196 24 17 -1 -1 -1 -1 
56 38 362 187 18 14 -1 -1 -1 -1 
56 52 108 238 44 32 -1 -1 -1 -1 
56 55 315 201 54 65 -1 -1 -1 -1 
56 57 216 204 41 34 -1 -1 -1 -1 
57 33 430 196 22 20 -1 -1 -1 -1 
57 38 357 188 20 15 -1 -1 -1 -1 
57 52 75 246 55 39 -1 -1 -1 -1 
57 55 297 205 63 83 -1 -1 -1 -1 
57 57 198 210 46 36 -1 -1 -1 -1 
58 33 430 196 22 20 -1 -1 -1 -1 
58 38 353 191 22 16 -1 -1 -1 -1 
58 52 55 252 57 44 -1 -1 -1 -1 
58 55 278 209 76 102 -1 -1 -1 -1 
59 38 348 194 23 17 -1 -1 -1 -1 
59 52 23 264 61 48 -1 -1 -1 -1 
59 55 238 227 105 128 -1 -1 -1 -1 
59 57 185 209 49 44 -1 -1 -1 -1 
60 38 348 194 23 17 -1 -1 -1 -1 
60 45 345 194 24 22 -1 -1 -1 -1 
60 52 0 279 50 59 -1 -1 -1 -1 
60 55 238 227 105 128 -1 -1 -1 -1 
61 38 340 197 26 22 -1 -1 -1 -1 
61 45 345 194 24 22 -1 -1 -1 -1 
61 52 0 291 23 44 -1 -1 -1 -1 
62 38 333 198 29 26 -1 -1 -1 -1 
62 52 0 291 23 44 -1 -1 -1 -1 
62 66 1 344 235 133 -1 -1 -1 -1 
63 38 333 198 29 26 -1 -1 -1 -1 
63 66 1 344 235 133 -1 -1 -1 -1 
65 33 366 186 20 16 -1 -1 -1 -1 
66 33 364 188 21 17 -1 -1 -1 -1 
66 76 417 192 17 17 -1 -1 -1 -1 
66 79 424 209 24 21 -1 -1 -1 -1 
67 33 361 191 18 17 -1 -1 -1 -1 
67 76 417 192 18 18 -1 -1 -1 -1 
67 79 424 210 24 22 -1 -1 -1 -1 
68 33 357 194 20 17 -1 -1 -1 -1 
68 76 418 193 17 18 -1 -1 -1 -1 
68 79 424 212 24 23 -1 -1 -1 -1 
69 33 351 195 23 20 -1 -1 -1 -1 
69 76 418 195 18 17 -1 -1 -1 -1 
69 79 425 215 23 23 -1 -1 -1 -1 
70 33 346 199 25 19 -1 -1 -1 -1 
70 76 418 196 18 17 -1 -1 -1 -1 
70 79 424 215 25 24 -1 -1 -1 -1 
71 33 340 202 25 23 -1 -1 -1 -1 
71 45 319 177 15 12 -1 -1 -1 -1 
71 76 417 197 19 16 -1 -1 -1 -1 
71 79 423 218 26 25 -1 -1 -1 -1 
72 33 333 204 30 25 -1 -1 -1 -1 
72 45 314 177 16 13 -1 -1 -1 -1 
72 76 417 197 19 16 -1 -1 -1 -1 
72 79 423 218 26 25 -1 -1 -1 -1 
73 33 322 208 33 30 -1 -1 -1 -1 
73 45 311 180 15 13 -1 -1 -1 -1 
73 76 417 196 19 18 -1 -1 -1 -1 
73 79 424 221 27 28 -1 -1 -1 -1 
74 33 316 212 35 31 -1 -1 -1 -1 
74 45 306 181 16 13 -1 -1 -1 -1 
74 76 417 197 20 18 -1 -1 -1 -1 
74 79 425 222 26 29 -1 -1 -1 -1 
75 33 299 217 45 38 -1 -1 -1 -1 
75 45 301 182 17 15 -1 -1 -1 -1 
75 76 418 197 19 19 -1 -1 -1 -1 
75 79 425 223 25 30 -1 -1 -1 -1 
76 33 299 217 45 38 -1 -1 -1 -1 
76 38 373 183 14 11 -1 -1 -1 -1 
76 45 294 185 20 15 -1 -1 -1 -1 
77 38 371 185 14 11 -1 -1 -1 -1 
77 45 289 188 18 14 -1 -1 -1 -1 
77 76 420 201 17 19 -1 -1 -1 -1 
77 79 425 231 27 32 -1 -1 -1 -1 
78 38 368 185 17 13 -1 -1 -1 -1 
78 45 282 189 21 17 -1 -1 -1 -1 
78 76 421 201 17 21 -1 -1 -1 -1 
78 79 425 233 28 33 -1 -1 -1 -1 
79 38 366 186 18 14 -1 -1 -1 -1 
79 45 274 191 21 19 -1 -1 -1 -1 
79 76 419 205 19 19 -1 -1 -1 -1 
79 79 425 234 29 38 -1 -1 -1 -1 
80 38 363 188 18 14 -1 -1 -1 -1 
80 45 263 196 25 19 -1 -1 -1 -1 
80 76 421 205 18 19 -1 -1 -1 -1 
80 79 426 244 29 32 -1 -1 -1 -1 
81 38 361 190 17 15 -1 -1 -1 -1 
81 45 256 198 26 22 -1 -1 -1 -1 
81 76 421 207 19 18 -1 -1 -1 -1 
81 79 426 245 31 35 -1 -1 -1 -1 
82 38 356 190 20 18 -1 -1 -1 -1 
82 45 244 201 29 24 -1 -1 -1 -1 
82 76 421 208 19 19 -1 -1 -1 -1 
82 79 425 247 32 41 -1 -1 -1 -1 
83 38 353 190 21 20 -1 -1 -1 -1 
83 45 231 207 31 25 -1 -1 -1 -1 
83 76 422 208 19 23 -1 -1 -1 -1 
83 79 427 253 33 42 -1 -1 -1 -1 
84 38 349 195 22 18 -1 -1 -1 -1 
84 45 218 213 34 25 -1 -1 -1 -1 
84 76 423 208 18 23 -1 -1 -1 -1 
85 38 345 196 24 20 -1 -1 -1 -1 
85 45 199 218 40 29 -1 -1 -1 -1 
85 76 421 211 20 23 -1 -1 -1 -1 
86 38 341 198 25 22 -1 -1 -1 -1 
86 45 187 224 42 30 -1 -1 -1 -1 
86 76 422 212 19 24 -1 -1 -1 -1 
87 38 336 199 27 25 -1 -1 -1 -1 
87 45 169 230 44 35 -1 -1 -1 -1 
87 76 422 213 20 25 -1 -1 -1 -1 
88 38 329 203 30 26 -1 -1 -1 -1 
88 45 142 240 51 37 -1 -1 -1 -1 
88 76 424 214 19 26 -1 -1 -1 -1 
89 38 325 208 30 27 -1 -1 -1 -1 
89 45 118 247 58 44 -1 -1 -1 -1 
89 76 424 215 20 26 -1 -1 -1 -1 
90 38 313 212 35 31 -1 -1 -1 -1 
90 45 86 262 59 46 -1 -1 -1 -1 
90 76 423 220 22 25 -1 -1 -1 -1 
91 38 299 215 43 38 -1 -1 -1 -1 
91 45 54 275 69 48 -1 -1 -1 -1 
91 76 423 223 23 25 -1 -1 -1 -1 
92 38 288 220 48 42 -1 -1 -1 -1 
92 45 20 289 71 55 -1 -1 -1 -1 
92 76 423 221 24 29 -1 -1 -1 -1 
93 33 367 186 17 15 -1 -1 -1 -1 
93 38 264 228 60 49 -1 -1 -1 -1 
93 45 20 289 71 55 -1 -1 -1 -1 
94 33 367 186 17 15 -1 -1 -1 -1 
94 38 242 237 71 59 -1 -1 -1 -1 
95 33 362 191 19 15 -1 -1 -1 -1 
95 38 214 249 86 73 -1 -1 -1 -1 
95 76 423 225 26 34 -1 -1 -1 -1 
96 33 359 190 20 19 -1 -1 -1 -1 
96 38 175 260 102 93 -1 -1 -1 -1 
96 76 422 229 28 34 -1 -1 -1 -1 
97 33 353 194 23 19 -1 -1 -1 -1 
97 38 175 260 102 93 -1 -1 -1 -1 
97 76 422 230 30 36 -1 -1 -1 -1 
98 33 348 196 28 22 -1 -1 -1 -1 
98 76 424 236 28 33 -1 -1 -1 -1 
99 33 342 198 28 27 -1 -1 -1 -1 
99 76 425 238 27 36 -1 -1 -1 -1 
99 98 435 381 72 98 -1 -1 -1 -1 
100 33 336 204 30 26 -1 -1 -1 -1 
100 76 425 240 27 36 -1 -1 -1 -1 
100 98 436 400 71 79 -1 -1 -1 -1 
101 33 323 208 35 33 -1 -1 -1 -1 
101 76 425 245 28 38 -1 -1 -1 -1 
101 98 436 400 71 79 -1 -1 -1 -1 
102 33 313 215 41 34 -1 -1 -1 -1 
102 76 426 247 28 39 -1 -1 -1 -1 
102 101 230 199 28 21 -1 -1 -1 -1 
103 33 304 221 41 40 -1 -1 -1 -1 
103 76 426 250 29 40 -1 -1 -1 -1 
103 101 222 204 27 21 -1 -1 -1 -1 
104 33 304 221 41 40 -1 -1 -1 -1 
104 76 427 255 28 41 -1 -1 -1 -1 
104 101 204 209 32 22 -1 -1 -1 -1 
105 76 427 256 31 47 -1 -1 -1 -1 
105 101 192 213 35 23 -1 -1 -1 -1 
106 76 427 263 35 49 -1 -1 -1 -1 
106 101 172 221 39 26 -1 -1 -1 -1 
107 76 426 266 39 51 -1 -1 -1 -1 
107 101 153 225 45 29 -1 -1 -1 -1 
108 76 426 266 39 51 -1 -1 -1 -1 
108 101 135 234 47 30 -1 -1 -1 -1 
109 101 112 241 53 33 -1 -1 -1 -1 
110 101 80 253 58 39 -1 -1 -1 -1 
111 101 53 264 64 45 -1 -1 -1 -1 
111 107 98 207 34 18 -1 -1 -1 -1 
112 101 21 275 68 50 -1 -1 -1 -1 
113 101 0 289 60 53 -1 -1 -1 -1 
114 101 0 306 27 43 -1 -1 -1 -1 
122 108 436 387 68 91 -1 -1 -1 -1 
123 108 436 387 68 91 -1 -1 -1 -1 
125 109 324 174 16 9 -1 -1 -1 -1 
126 109 324 174 16 9 -1 -1 -1 -1 
127 110 282 187 20 16 -1 -1 -1 -1 
128 76 276 190 20 16 -1 -1 -1 -1 
129 76 276 190 20 16 -1 -1 -1 -1 
129 110 269 191 22 18 -1 -1 -1 -1 
130 110 257 195 26 20 -1 -1 -1 -1 
131 109 306 182 16 12 -1 -1 -1 -1 
131 110 250 198 25 21 -1 -1 -1 -1 
132 109 300 184 19 13 -1 -1 -1 -1 
132 110 239 201 29 23 -1 -1 -1 -1 
133 109 294 184 22 16 -1 -1 -1 -1 
133 110 230 204 28 25 -1 -1 -1 -1 
134 109 291 186 22 15 -1 -1 -1 -1 
134 110 214 208 36 29 -1 -1 -1 -1 
135 109 286 187 21 16 -1 -1 -1 -1 
135 110 200 213 39 30 -1 -1 -1 -1 
136 109 278 190 23 17 -1 -1 -1 -1 
136 110 178 223 42 32 -1 -1 -1 -1 
137 109 273 193 21 18 -1 -1 -1 -1 
137 110 158 230 46 34 -1 -1 -1 -1 
138 109 266 195 26 19 -1 -1 -1 -1 
138 110 136 237 51 38 -1 -1 -1 -1 
139 109 256 197 25 21 -1 -1 -1 -1 
139 110 136 237 51 38 -1 -1 -1 -1 
140 109 243 203 31 21 -1 -1 -1 -1 
141 109 232 208 29 22 -1 -1 -1 -1 
142 109 221 212 31 24 -1 -1 -1 -1 
143 109 209 217 33 25 -1 -1 -1 -1 
144 109 188 224 41 29 -1 -1 -1 -1 
145 109 172 232 40 29 -1 -1 -1 -1 
146 109 172 232 40 29 -1 -1 -1 -1 
149 76 315 181 16 12 -1 -1 -1 -1 
154 76 296 189 19 12 -1 -1 -1 -1 
155 76 296 189 19 12 -1 -1 -1 -1 
164 132 235 209 29 22 -1 -1 -1 -1 
165 132 235 209 29 22 -1 -1 -1 -1 
166 132 204 222 34 25 -1 -1 -1 -1 
167 132 191 228 36 25 -1 -1 -1 -1 
168 132 176 234 41 28 -1 -1 -1 -1 
169 132 156 240 46 33 -1 -1 -1 -1 
175 76 363 189 19 15 -1 -1 -1 -1 
176 76 361 189 18 16 -1 -1 -1 -1 
177 76 358 192 19 16 -1 -1 -1 -1 
178 76 354 193 21 18 -1 -1 -1 -1 
179 76 351 196 21 18 -1 -1 -1 -1 
180 76 348 197 23 20 -1 -1 -1 -1 
181 76 342 199 25 23 -1 -1 -1 -1 
182 76 337 203 25 23 -1 -1 -1 -1 
183 76 331 206 30 24 -1 -1 -1 -1 
184 76 322 209 33 29 -1 -1 -1 -1 
185 76 315 214 36 30 -1 -1 -1 -1 
186 76 298 220 45 37 -1 -1 -1 -1 
187 76 286 227 50 42 -1 -1 -1 -1 
188 76 286 227 50 42 -1 -1 -1 -1 
188 139 286 186 19 16 -1 -1 -1 -1 
189 139 276 190 21 16 -1 -1 -1 -1 
189 140 174 212 42 28 -1 -1 -1 -1 
190 139 276 190 21 16 -1 -1 -1 -1 
190 140 156 218 48 29 -1 -1 -1 -1 
191 140 156 218 48 29 -1 -1 -1 -1 
199 76 420 216 23 25 -1 -1 -1 -1 
200 76 420 217 24 27 -1 -1 -1 -1 
201 76 420 220 26 25 -1 -1 -1 -1 
202 76 420 221 26 27 -1 -1 -1 -1 
203 76 418 224 29 28 -1 -1 -1 -1 
204 76 418 226 30 28 -1 -1 -1 -1 
205 76 419 226 30 28 -1 -1 -1 -1 
206 76 421 225 29 33 -1 -1 -1 -1 
207 76 422 232 27 30 -1 -1 -1 -1 
208 76 423 232 27 32 -1 -1 -1 -1 
209 76 424 232 27 36 -1 -1 -1 -1 
211 76 425 240 27 33 -1 -1 -1 -1 
216 76 424 250 32 38 -1 -1 -1 -1 
217 76 424 252 32 42 -1 -1 -1 -1 
218 76 425 254 32 44 -1 -1 -1 -1 
219 76 425 254 33 48 -1 -1 -1 -1 
220 76 425 254 33 48 -1 -1 -1 -1 
235 167 426 317 62 107 -1 -1 -1 -1 
237 167 430 347 63 98 -1 -1 -1 -1 
238 167 432 355 64 106 -1 -1 -1 -1 
239 167 430 366 69 106 -1 -1 -1 -1 
240 167 432 374 72 104 -1 -1 -1 -1 
241 167 436 381 68 98 -1 -1 -1 -1 
242 167 434 391 74 86 -1 -1 -1 -1 
243 167 434 391 74 86 -1 -1 -1 -1 
245 169 222 200 29 23 -1 -1 -1 -1 
246 169 208 207 32 22 -1 -1 -1 -1 
247 169 196 209 34 25 -1 -1 -1 -1 
248 169 178 216 37 27 -1 -1 -1 -1 
249 169 163 221 41 29 -1 -1 -1 -1 
250 169 148 224 43 32 -1 -1 -1 -1 
251 169 123 234 46 35 -1 -1 -1 -1 
252 169 99 242 52 38 -1 -1 -1 -1 
253 169 74 250 58 42 -1 -1 -1 -1 
254 169 46 260 63 48 -1 -1 -1 -1 
255 169 19 268 67 54 -1 -1 -1 -1 
256 169 0 281 56 57 -1 -1 -1 -1 
257 169 0 281 56 57 -1 -1 -1 -1 
279 175 170 217 37 29 -1 -1 -1 -1 
280 175 152 222 44 31 -1 -1 -1 -1 
281 175 137 229 45 32 -1 -1 -1 -1 
282 175 122 234 47 34 -1 -1 -1 -1 
283 175 99 243 51 37 -1 -1 -1 -1 
284 175 76 248 56 43 -1 -1 -1 -1 
285 175 52 260 59 42 -1 -1 -1 -1 
286 175 13 267 69 55 -1 -1 -1 -1 
307 178 320 202 38 43 -1 -1 -1 -1 
338 182 365 190 20 15 -1 -1 -1 -1 
340 182 361 195 17 13 -1 -1 -1 -1 
341 182 356 196 21 16 -1 -1 -1 -1 
342 182 354 198 21 17 -1 -1 -1 -1 
343 182 348 201 24 19 -1 -1 -1 -1 
344 182 344 202 25 21 -1 -1 -1 -1 
345 182 337 207 27 22 -1 -1 -1 -1 
346 182 327 210 31 27 -1 -1 -1 -1 
347 182 319 215 34 29 -1 -1 -1 -1 
348 182 316 216 36 30 -1 -1 -1 -1 
349 182 306 223 39 34 -1 -1 -1 -1 
350 182 306 223 39 34 -1 -1 -1 -1 
351 186 289 190 20 16 -1 -1 -1 -1 
352 186 283 190 22 19 -1 -1 -1 -1 
353 186 279 192 21 19 -1 -1 -1 -1 
354 186 272 195 24 19 -1 -1 -1 -1 
355 186 267 196 25 21 -1 -1 -1 -1 
356 186 259 199 29 22 -1 -1 -1 -1 
357 186 253 203 28 21 -1 -1 -1 -1 
358 186 246 205 30 22 -1 -1 -1 -1 
359 186 238 207 31 24 -1 -1 -1 -1 
360 186 226 212 34 26 -1 -1 -1 -1 
361 186 216 215 36 27 -1 -1 -1 -1 
362 186 208 219 35 27 -1 -1 -1 -1 
362 191 291 188 24 16 -1 -1 -1 -1 
363 186 195 224 40 28 -1 -1 -1 -1 
364 186 183 229 41 31 -1 -1 -1 -1 
364 191 281 191 21 18 -1 -1 -1 -1 
365 186 170 234 43 33 -1 -1 -1 -1 
365 191 276 195 22 17 -1 -1 -1 -1 
366 186 150 242 47 33 -1 -1 -1 -1 
366 191 268 199 27 16 -1 -1 -1 -1 
367 186 132 249 52 41 -1 -1 -1 -1 
367 191 260 200 27 19 -1 -1 -1 -1 
368 186 112 257 56 40 -1 -1 -1 -1 
368 191 253 203 28 21 -1 -1 -1 -1 
369 186 83 268 61 41 -1 -1 -1 -1 
369 191 243 207 30 21 -1 -1 -1 -1 
370 186 57 279 68 44 -1 -1 -1 -1 
370 191 234 211 28 22 -1 -1 -1 -1 
371 186 28 291 70 50 -1 -1 -1 -1 
371 191 223 215 32 23 -1 -1 -1 -1 
372 186 0 308 62 42 -1 -1 -1 -1 
372 191 210 222 33 23 -1 -1 -1 -1 
373 186 0 308 62 42 -1 -1 -1 -1 
374 191 182 234 40 26 -1 -1 -1 -1 
375 191 167 239 42 28 -1 -1 -1 -1 
376 191 151 246 44 28 -1 -1 -1 -1 
377 191 130 254 50 34 -1 -1 -1 -1 
378 191 130 254 50 34 -1 -1 -1 -1 
389 199 45 240 83 67 -1 -1 -1 -1 
412 205 364 187 19 14 -1 -1 -1 -1 
413 205 361 189 17 15 -1 -1 -1 -1 
414 205 357 190 19 16 -1 -1 -1 -1 
414 207 340 171 15 11 -1 -1 -1 -1 
415 205 349 195 22 18 -1 -1 -1 -1 
415 207 337 172 15 11 -1 -1 -1 -1 
416 205 344 196 25 21 -1 -1 -1 -1 
416 207 334 172 17 12 -1 -1 -1 -1 
417 205 336 201 28 24 -1 -1 -1 -1 
418 205 328 206 31 24 -1 -1 -1 -1 
419 205 317 210 35 31 -1 -1 -1 -1 
419 207 326 174 22 15 -1 -1 -1 -1 
420 205 296 218 47 37 -1 -1 -1 -1 
420 207 325 175 22 15 -1 -1 -1 -1 
421 205 274 226 57 47 -1 -1 -1 -1 
421 207 323 177 20 14 -1 -1 -1 -1 
422 205 274 226 57 47 -1 -1 -1 -1 
422 207 320 178 20 14 -1 -1 -1 -1 
423 207 317 181 19 13 -1 -1 -1 -1 
424 207 313 180 23 16 -1 -1 -1 -1 
425 207 311 181 22 18 -1 -1 -1 -1 
426 207 306 182 24 20 -1 -1 -1 -1 
427 207 302 183 27 20 -1 -1 -1 -1 
428 207 298 190 22 16 -1 -1 -1 -1 
429 207 294 190 25 18 -1 -1 -1 -1 
430 207 290 192 23 18 -1 -1 -1 -1 
431 207 284 194 24 18 -1 -1 -1 -1 
432 207 280 196 24 18 -1 -1 -1 -1 
433 207 270 201 28 18 -1 -1 -1 -1 
434 207 262 203 29 18 -1 -1 -1 -1 
435 207 255 205 30 21 -1 -1 -1 -1 
436 207 244 209 35 22 -1 -1 -1 -1 
437 207 240 212 32 18 -1 -1 -1 -1 
437 218 192 213 35 26 -1 -1 -1 -1 
438 207 228 218 36 19 -1 -1 -1 -1 
438 218 179 219 39 27 -1 -1 -1 -1 
439 207 213 224 39 23 -1 -1 -1 -1 
439 218 154 225 47 32 -1 -1 -1 -1 
440 207 200 229 42 23 -1 -1 -1 -1 
440 218 137 234 52 33 -1 -1 -1 -1 
441 207 180 234 50 31 -1 -1 -1 -1 
441 218 117 238 52 40 -1 -1 -1 -1 
441 220 246 204 28 22 -1 -1 -1 -1 
442 207 164 243 48 31 -1 -1 -1 -1 
442 218 88 251 57 42 -1 -1 -1 -1 
442 220 232 211 31 22 -1 -1 -1 -1 
443 207 164 243 48 31 -1 -1 -1 -1 
443 218 50 263 67 50 -1 -1 -1 -1 
443 220 217 214 38 27 -1 -1 -1 -1 
444 218 50 263 67 50 -1 -1 -1 -1 
445 220 192 227 39 24 -1 -1 -1 -1 
446 220 174 232 45 32 -1 -1 -1 -1 
447 220 152 237 49 35 -1 -1 -1 -1 
448 220 135 250 51 32 -1 -1 -1 -1 
449 220 111 258 57 36 -1 -1 -1 -1 
450 220 88 267 60 37 -1 -1 -1 -1 
451 205 373 187 16 10 -1 -1 -1 -1 
451 220 58 279 66 41 -1 -1 -1 -1 
452 205 371 188 16 11 -1 -1 -1 -1 
452 220 58 279 66 41 -1 -1 -1 -1 
453 205 369 189 17 12 -1 -1 -1 -1 
454 205 367 190 17 13 -1 -1 -1 -1 
454 228 325 193 36 43 -1 -1 -1 -1 
455 205 362 191 21 14 -1 -1 -1 -1 
455 228 317 199 36 44 -1 -1 -1 -1 
456 205 362 194 18 14 -1 -1 -1 -1 
456 228 303 196 50 58 -1 -1 -1 -1 
457 205 355 195 23 17 -1 -1 -1 -1 
457 228 289 197 60 69 -1 -1 -1 -1 
458 205 355 197 22 17 -1 -1 -1 -1 
458 228 272 202 73 79 -1 -1 -1 -1 
459 205 350 196 25 21 -1 -1 -1 -1 
460 205 346 202 25 19 -1 -1 -1 -1 
461 205 339 204 29 21 -1 -1 -1 -1 
462 205 337 208 27 22 -1 -1 -1 -1 
462 234 83 230 189 209 -1 -1 -1 -1 
463 205 334 209 29 24 -1 -1 -1 -1 
463 234 49 238 218 232 -1 -1 -1 -1 
464 205 321 214 35 28 -1 -1 -1 -1 
464 234 1 282 184 193 -1 -1 -1 -1 
465 205 313 218 38 32 -1 -1 -1 -1 
466 205 303 225 42 36 -1 -1 -1 -1 
467 205 283 232 55 44 -1 -1 -1 -1 
482 242 186 217 41 33 -1 -1 -1 -1 
483 242 166 221 44 37 -1 -1 -1 -1 
484 242 166 221 44 37 -1 -1 -1 -1 
493 250 351 195 22 15 -1 -1 -1 -1 
494 250 350 195 21 18 -1 -1 -1 -1 
495 250 345 197 22 19 -1 -1 -1 -1 
496 250 339 200 26 20 -1 -1 -1 -1 
497 250 333 205 28 21 -1 -1 -1 -1 
498 250 325 207 31 24 -1 -1 -1 -1 
499 250 317 210 32 28 -1 -1 -1 -1 
500 250 303 218 37 31 -1 -1 -1 -1 
501 250 291 224 41 36 -1 -1 -1 -1 
502 250 291 224 41 36 -1 -1 -1 -1 
509 257 431 258 11 26 -1 -1 -1 -1 
512 257 433 279 13 31 -1 -1 -1 -1 
528 259 246 200 23 20 -1 -1 -1 -1 
529 259 240 202 23 20 -1 -1 -1 -1 
530 259 255 195 21 18 -1 -1 -1 -1 
531 259 294 189 21 19 -1 -1 -1 -1 
532 259 289 192 21 18 -1 -1 -1 -1 
532 262 205 214 31 25 -1 -1 -1 -1 
532 264 364 184 19 14 -1 -1 -1 -1 
533 259 289 192 21 18 -1 -1 -1 -1 
533 262 222 204 30 22 -1 -1 -1 -1 
533 264 362 186 18 15 -1 -1 -1 -1 
534 262 209 209 33 23 -1 -1 -1 -1 
534 264 360 189 17 14 -1 -1 -1 -1 
535 259 269 198 25 21 -1 -1 -1 -1 
535 262 195 215 35 24 -1 -1 -1 -1 
535 264 354 193 20 14 -1 -1 -1 -1 
536 259 269 198 25 21 -1 -1 -1 -1 
536 262 178 221 38 27 -1 -1 -1 -1 
536 264 350 193 21 18 -1 -1 -1 -1 
537 262 158 228 42 28 -1 -1 -1 -1 
537 264 344 195 23 21 -1 -1 -1 -1 
538 262 158 228 42 28 -1 -1 -1 -1 
538 264 336 198 27 23 -1 -1 -1 -1 
538 271 242 209 31 21 -1 -1 -1 -1 
539 264 326 203 29 24 -1 -1 -1 -1 
539 271 228 216 35 23 -1 -1 -1 -1 
540 264 319 206 32 29 -1 -1 -1 -1 
540 271 222 218 33 22 -1 -1 -1 -1 
541 264 301 212 40 33 -1 -1 -1 -1 
541 271 204 225 38 23 -1 -1 -1 -1 
542 264 282 219 47 44 -1 -1 -1 -1 
542 271 185 231 44 24 -1 -1 -1 -1 
543 264 263 227 54 49 -1 -1 -1 -1 
543 271 185 231 44 24 -1 -1 -1 -1 
544 264 263 227 54 49 -1 -1 -1 -1 
546 286 311 182 15 13 -1 -1 -1 -1 
547 286 311 182 15 13 -1 -1 -1 -1 
548 289 501 307 17 32 -1 -1 -1 -1 
549 286 293 186 21 17 -1 -1 -1 -1 
549 289 503 309 15 34 -1 -1 -1 -1 
550 286 289 189 19 18 -1 -1 -1 -1 
550 289 503 311 15 33 -1 -1 -1 -1 
551 286 281 192 21 19 -1 -1 -1 -1 
551 289 503 314 17 34 -1 -1 -1 -1 
552 286 274 193 23 21 -1 -1 -1 -1 
553 286 268 196 24 20 -1 -1 -1 -1 
554 286 259 199 27 21 -1 -1 -1 -1 
555 286 246 203 30 23 -1 -1 -1 -1 
556 286 237 208 30 24 -1 -1 -1 -1 
557 286 224 211 35 26 -1 -1 -1 -1 
558 286 214 215 34 25 -1 -1 -1 -1 
559 286 199 221 39 28 -1 -1 -1 -1 
560 286 178 228 42 31 -1 -1 -1 -1 
560 296 284 192 61 68 -1 -1 -1 -1 
561 259 352 198 25 21 -1 -1 -1 -1 
561 286 178 228 42 31 -1 -1 -1 -1 
561 296 253 200 81 81 -1 -1 -1 -1 
561 299 344 173 12 10 -1 -1 -1 -1 
562 259 352 198 25 21 -1 -1 -1 -1 
562 296 253 200 81 81 -1 -1 -1 -1 
562 299 343 174 13 10 -1 -1 -1 -1 
563 259 340 206 30 22 -1 -1 -1 -1 
563 289 512 334 14 37 -1 -1 -1 -1 
563 299 343 174 13 10 -1 -1 -1 -1 
564 259 340 206 30 22 -1 -1 -1 -1 
564 289 513 338 14 36 -1 -1 -1 -1 
565 289 513 340 13 38 -1 -1 -1 -1 
566 289 515 342 14 37 -1 -1 -1 -1 
566 306 332 176 16 14 -1 -1 -1 -1 
567 289 514 343 17 40 -1 -1 -1 -1 
567 306 330 178 17 13 -1 -1 -1 -1 
568 289 514 343 17 40 -1 -1 -1 -1 
568 306 325 178 21 14 -1 -1 -1 -1 
569 306 327 180 16 13 -1 -1 -1 -1 
570 306 325 180 16 14 -1 -1 -1 -1 
571 306 325 180 16 14 -1 -1 -1 -1 
574 306 319 185 16 13 -1 -1 -1 -1 
575 306 317 186 15 13 -1 -1 -1 -1 
576 306 315 188 15 11 -1 -1 -1 -1 
577 306 311 189 19 11 -1 -1 -1 -1 
581 299 342 167 13 14 -1 -1 -1 -1 
581 306 299 194 21 14 -1 -1 -1 -1 
582 299 340 170 11 11 -1 -1 -1 -1 
582 306 299 194 21 14 -1 -1 -1 -1 
583 299 337 171 14 11 -1 -1 -1 -1 
584 299 333 171 15 13 -1 -1 -1 -1 
585 299 332 171 15 15 -1 -1 -1 -1 
586 299 330 171 15 17 -1 -1 -1 -1 
587 299 325 172 18 18 -1 -1 -1 -1 
588 299 325 173 14 17 -1 -1 -1 -1 
589 299 321 175 17 17 -1 -1 -1 -1 
590 299 319 176 17 16 -1 -1 -1 -1 
592 299 312 179 17 16 -1 -1 -1 -1 
593 299 312 179 17 16 -1 -1 -1 -1 
595 299 303 183 19 18 -1 -1 -1 -1 
596 299 298 184 21 18 -1 -1 -1 -1 
597 299 294 184 23 21 -1 -1 -1 -1 
598 299 290 188 24 19 -1 -1 -1 -1 
599 299 285 189 25 20 -1 -1 -1 -1 
600 299 281 187 27 23 -1 -1 -1 -1 
601 299 274 193 28 21 -1 -1 -1 -1 
602 299 270 191 27 25 -1 -1 -1 -1 
603 299 262 194 32 24 -1 -1 -1 -1 
605 299 249 204 33 23 -1 -1 -1 -1 
606 299 242 209 32 21 -1 -1 -1 -1 
607 299 232 201 38 32 -1 -1 -1 -1 
608 299 225 212 37 24 -1 -1 -1 -1 
609 299 213 216 42 25 -1 -1 -1 -1 
610 299 201 222 44 24 -1 -1 -1 -1 
611 299 177 224 52 27 -1 -1 -1 -1 
612 299 173 230 48 27 -1 -1 -1 -1 
613 299 147 233 62 33 -1 -1 -1 -1 
613 337 182 212 34 23 -1 -1 -1 -1 
614 299 121 242 67 34 -1 -1 -1 -1 
614 337 182 212 34 23 -1 -1 -1 -1 
615 299 121 253 56 30 -1 -1 -1 -1 
616 299 121 253 56 30 -1 -1 -1 -1 
616 337 122 231 47 30 -1 -1 -1 -1 
617 337 104 239 47 30 -1 -1 -1 -1 
617 340 64 272 72 44 -1 -1 -1 -1 
618 337 71 249 54 38 -1 -1 -1 -1 
618 340 64 272 72 44 -1 -1 -1 -1 
619 337 45 261 56 39 -1 -1 -1 -1 
620 337 9 270 67 46 -1 -1 -1 -1 
620 342 0 313 50 37 -1 -1 -1 -1 
621 337 0 283 46 48 -1 -1 -1 -1 
639 346 291 191 18 15 -1 -1 -1 -1 
640 346 287 194 19 15 -1 -1 -1 -1 
640 347 365 188 17 12 -1 -1 -1 -1 
641 346 278 197 21 17 -1 -1 -1 -1 
641 347 362 189 16 13 -1 -1 -1 -1 
642 346 273 198 23 17 -1 -1 -1 -1 
642 347 360 191 17 14 -1 -1 -1 -1 
643 346 272 198 23 19 -1 -1 -1 -1 
643 347 360 192 16 13 -1 -1 -1 -1 
644 346 264 202 24 18 -1 -1 -1 -1 
644 347 355 192 19 16 -1 -1 -1 -1 
645 346 251 207 27 21 -1 -1 -1 -1 
645 347 348 194 21 19 -1 -1 -1 -1 
646 346 236 214 31 21 -1 -1 -1 -1 
646 347 337 197 27 24 -1 -1 -1 -1 
647 346 236 214 31 21 -1 -1 -1 -1 
648 347 325 206 28 25 -1 -1 -1 -1 
649 347 311 212 34 30 -1 -1 -1 -1 
650 347 298 216 40 37 -1 -1 -1 -1 
651 347 280 223 49 42 -1 -1 -1 -1 
652 347 255 229 60 55 -1 -1 -1 -1 
653 347 255 229 60 55 -1 -1 -1 -1 
653 352 253 193 22 18 -1 -1 -1 -1 
654 352 243 195 27 19 -1 -1 -1 -1 
655 352 236 200 26 18 -1 -1 -1 -1 
660 358 180 218 39 26 -1 -1 -1 -1 
661 358 169 224 38 26 -1 -1 -1 -1 
661 359 416 202 25 23 -1 -1 -1 -1 
662 358 146 232 44 30 -1 -1 -1 -1 
662 359 417 202 25 26 -1 -1 -1 -1 
663 358 127 239 48 32 -1 -1 -1 -1 
663 359 415 203 26 27 -1 -1 -1 -1 
664 358 107 247 51 35 -1 -1 -1 -1 
664 359 414 210 27 23 -1 -1 -1 -1 
665 358 84 256 53 38 -1 -1 -1 -1 
665 359 415 211 27 24 -1 -1 -1 -1 
666 358 48 269 63 45 -1 -1 -1 -1 
667 358 18 281 69 49 -1 -1 -1 -1 
667 359 415 218 28 24 -1 -1 -1 -1 
668 358 0 296 61 49 -1 -1 -1 -1 
673 360 417 222 32 40 -1 -1 -1 -1 
690 366 432 369 77 108 -1 -1 -1 -1 
691 366 436 403 78 76 -1 -1 -1 -1 
692 366 436 403 78 76 -1 -1 -1 -1 
693 369 290 192 19 15 -1 -1 -1 -1 
694 369 285 195 24 16 -1 -1 -1 -1 
695 369 275 198 26 17 -1 -1 -1 -1 
695 370 362 184 21 21 -1 -1 -1 -1 
696 369 270 201 25 18 -1 -1 -1 -1 
696 370 361 186 21 21 -1 -1 -1 -1 
697 369 257 206 29 19 -1 -1 -1 -1 
697 370 358 188 21 21 -1 -1 -1 -1 
698 369 251 208 28 21 -1 -1 -1 -1 
698 370 358 188 21 21 -1 -1 -1 -1 
699 369 239 213 32 20 -1 -1 -1 -1 
700 369 227 218 34 22 -1 -1 -1 -1 
701 369 216 224 35 20 -1 -1 -1 -1 
702 369 195 232 39 22 -1 -1 -1 -1 
703 369 195 232 39 22 -1 -1 -1 -1 
706 386 316 175 20 14 -1 -1 -1 -1 
707 386 313 173 23 17 -1 -1 -1 -1 
708 386 313 173 23 17 -1 -1 -1 -1 
709 386 307 177 21 16 -1 -1 -1 -1 
709 387 267 220 66 66 -1 -1 -1 -1 
710 386 304 177 22 17 -1 -1 -1 -1 
710 387 249 220 76 82 -1 -1 -1 -1 
711 386 300 181 19 18 -1 -1 -1 -1 
711 387 223 233 88 93 -1 -1 -1 -1 
712 386 295 182 22 18 -1 -1 -1 -1 
712 387 182 241 113 118 -1 -1 -1 -1 
713 386 295 182 22 18 -1 -1 -1 -1 
714 387 44 286 182 193 -1 -1 -1 -1 
719 390 257 197 24 17 -1 -1 -1 -1 
720 390 247 200 27 19 -1 -1 -1 -1 
720 391 329 181 14 13 -1 -1 -1 -1 
721 390 236 204 28 20 -1 -1 -1 -1 
721 391 324 182 16 13 -1 -1 -1 -1 
722 386 261 189 22 14 -1 -1 -1 -1 
722 390 229 206 28 22 -1 -1 -1 -1 
722 391 324 182 16 13 -1 -1 -1 -1 
723 370 369 185 16 12 -1 -1 -1 -1 
723 386 250 190 24 17 -1 -1 -1 -1 
723 390 213 210 35 25 -1 -1 -1 -1 
723 391 318 187 18 12 -1 -1 -1 -1 
724 370 368 187 14 12 -1 -1 -1 -1 
724 386 240 192 25 19 -1 -1 -1 -1 
724 390 199 216 36 28 -1 -1 -1 -1 
724 391 311 188 18 13 -1 -1 -1 -1 
725 370 363 189 17 12 -1 -1 -1 -1 
725 386 228 196 25 20 -1 -1 -1 -1 
725 390 180 222 41 31 -1 -1 -1 -1 
725 391 303 192 18 14 -1 -1 -1 -1 
726 370 361 191 16 14 -1 -1 -1 -1 
726 386 211 202 31 20 -1 -1 -1 -1 
726 390 163 228 43 35 -1 -1 -1 -1 
726 391 297 192 21 16 -1 -1 -1 -1 
727 370 357 191 17 17 -1 -1 -1 -1 
727 386 193 208 34 22 -1 -1 -1 -1 
727 390 139 238 49 38 -1 -1 -1 -1 
727 391 290 195 22 15 -1 -1 -1 -1 
728 370 352 197 19 15 -1 -1 -1 -1 
728 386 181 210 34 25 -1 -1 -1 -1 
728 390 121 243 52 42 -1 -1 -1 -1 
728 391 283 199 23 16 -1 -1 -1 -1 
729 370 346 197 22 20 -1 -1 -1 -1 
729 386 181 210 34 25 -1 -1 -1 -1 
729 390 87 257 59 48 -1 -1 -1 -1 
729 391 274 204 24 14 -1 -1 -1 -1 
730 370 339 200 26 23 -1 -1 -1 -1 
730 390 50 270 68 54 -1 -1 -1 -1 
730 391 263 207 25 15 -1 -1 -1 -1 
731 370 331 205 29 24 -1 -1 -1 -1 
731 390 11 285 72 60 -1 -1 -1 -1 
731 391 251 214 27 15 -1 -1 -1 -1 
732 370 324 209 31 27 -1 -1 -1 -1 
732 390 0 300 56 50 -1 -1 -1 -1 
732 391 251 214 27 15 -1 -1 -1 -1 
733 370 310 214 38 32 -1 -1 -1 -1 
733 390 0 300 56 50 -1 -1 -1 -1 
734 370 298 218 42 41 -1 -1 -1 -1 
735 370 275 227 54 49 -1 -1 -1 -1 
736 370 251 237 64 60 -1 -1 -1 -1 
737 370 251 237 64 60 -1 -1 -1 -1 
775 411 308 180 17 13 -1 -1 -1 -1 
777 411 298 183 22 16 -1 -1 -1 -1 
778 411 293 184 23 17 -1 -1 -1 -1 
779 411 289 187 24 15 -1 -1 -1 -1 
780 411 285 187 22 18 -1 -1 -1 -1 
781 411 278 190 25 19 -1 -1 -1 -1 
782 411 270 193 27 21 -1 -1 -1 -1 
783 411 260 195 38 23 -1 -1 -1 -1 
784 411 253 200 30 21 -1 -1 -1 -1 
785 411 245 203 31 23 -1 -1 -1 -1 
786 411 235 207 32 24 -1 -1 -1 -1 
787 411 217 214 36 25 -1 -1 -1 -1 
788 411 211 216 34 25 -1 -1 -1 -1 
789 411 192 224 38 25 -1 -1 -1 -1 
790 411 170 233 45 27 -1 -1 -1 -1 
790 412 107 218 69 54 -1 -1 -1 -1 
791 411 170 233 45 27 -1 -1 -1 -1 
792 412 63 230 77 67 -1 -1 -1 -1 
793 412 26 242 104 73 -1 -1 -1 -1 
794 412 1 253 101 81 -1 -1 -1 -1 
795 412 1 253 101 81 -1 -1 -1 -1 
801 417 111 237 42 33 -1 -1 -1 -1 
802 417 88 244 46 36 -1 -1 -1 -1 
803 417 56 255 52 39 -1 -1 -1 -1 
804 417 27 264 58 47 -1 -1 -1 -1 
805 417 0 279 50 55 -1 -1 -1 -1 
834 422 234 206 28 22 -1 -1 -1 -1 
834 423 307 177 20 15 -1 -1 -1 -1 
835 422 221 210 30 24 -1 -1 -1 -1 
835 423 307 177 20 15 -1 -1 -1 -1 
836 422 208 216 31 24 -1 -1 -1 -1 
836 423 302 181 19 16 -1 -1 -1 -1 
837 422 208 216 31 24 -1 -1 -1 -1 
837 423 292 186 20 15 -1 -1 -1 -1 
838 423 280 188 27 18 -1 -1 -1 -1 
839 423 281 189 22 17 -1 -1 -1 -1 
