41 16 317 180 18 11 -1 -1 -1 -1 
42 16 314 182 19 12 -1 -1 -1 -1 
43 16 310 184 20 9 -1 -1 -1 -1 
44 16 310 184 20 9 -1 -1 -1 -1 
47 21 293 190 24 14 -1 -1 -1 -1 
48 21 289 191 23 15 -1 -1 -1 -1 
49 21 283 193 26 16 -1 -1 -1 -1 
50 21 278 194 23 18 -1 -1 -1 -1 
51 21 272 198 25 18 -1 -1 -1 -1 
52 21 265 199 28 19 -1 -1 -1 -1 
53 21 258 201 30 21 -1 -1 -1 -1 
54 21 252 204 29 20 -1 -1 -1 -1 
55 21 245 208 30 20 -1 -1 -1 -1 
56 21 232 211 36 23 -1 -1 -1 -1 
57 21 228 214 32 23 -1 -1 -1 -1 
58 21 213 218 37 23 -1 -1 -1 -1 
59 21 205 224 37 20 -1 -1 -1 -1 
60 21 190 230 42 24 -1 -1 -1 -1 
61 21 176 235 43 26 -1 -1 -1 -1 
62 21 159 240 47 27 -1 -1 -1 -1 
63 21 140 250 49 29 -1 -1 -1 -1 
64 21 122 258 51 25 -1 -1 -1 -1 
65 21 110 268 39 20 -1 -1 -1 -1 
66 21 110 268 39 20 -1 -1 -1 -1 
78 26 319 205 35 48 -1 -1 -1 -1 
79 26 307 203 44 59 -1 -1 -1 -1 
80 26 293 209 47 65 -1 -1 -1 -1 
81 26 272 213 73 76 -1 -1 -1 -1 
82 26 250 212 87 100 -1 -1 -1 -1 
83 26 250 212 87 100 -1 -1 -1 -1 
85 27 424 223 27 28 -1 -1 -1 -1 
86 27 425 224 26 30 -1 -1 -1 -1 
86 28 16 277 221 201 -1 -1 -1 -1 
87 27 427 232 25 29 -1 -1 -1 -1 
88 27 429 236 23 27 -1 -1 -1 -1 
89 27 428 241 27 30 -1 -1 -1 -1 
90 27 429 243 27 34 -1 -1 -1 -1 
91 27 429 247 30 36 -1 -1 -1 -1 
92 27 430 253 31 37 -1 -1 -1 -1 
93 27 429 258 35 40 -1 -1 -1 -1 
103 29 444 348 57 96 -1 -1 -1 -1 
104 29 445 366 61 103 -1 -1 -1 -1 
105 29 444 393 71 84 -1 -1 -1 -1 
106 29 446 409 72 70 -1 -1 -1 -1 
221 39 364 188 18 16 -1 -1 -1 -1 
222 39 362 191 18 15 -1 -1 -1 -1 
223 39 359 191 19 17 -1 -1 -1 -1 
224 39 354 195 21 17 -1 -1 -1 -1 
225 39 350 196 23 19 -1 -1 -1 -1 
226 39 348 198 22 20 -1 -1 -1 -1 
227 39 340 202 25 23 -1 -1 -1 -1 
228 39 334 205 29 25 -1 -1 -1 -1 
229 39 325 209 31 27 -1 -1 -1 -1 
230 39 317 213 35 30 -1 -1 -1 -1 
231 39 302 219 43 35 -1 -1 -1 -1 
232 39 288 223 50 43 -1 -1 -1 -1 
233 39 288 223 50 43 -1 -1 -1 -1 
