33 12 290 190 19 17 -1 -1 -1 -1 
34 12 284 192 24 16 -1 -1 -1 -1 
35 12 281 193 23 17 -1 -1 -1 -1 
36 12 274 195 27 18 -1 -1 -1 -1 
36 14 246 194 20 15 -1 -1 -1 -1 
37 12 268 197 27 19 -1 -1 -1 -1 
37 14 236 196 25 19 -1 -1 -1 -1 
38 12 261 198 27 21 -1 -1 -1 -1 
38 14 225 201 24 18 -1 -1 -1 -1 
39 12 256 201 27 22 -1 -1 -1 -1 
39 14 215 204 27 20 -1 -1 -1 -1 
40 12 251 205 27 21 -1 -1 -1 -1 
40 14 204 207 28 21 -1 -1 -1 -1 
41 12 244 206 29 22 -1 -1 -1 -1 
41 14 190 212 32 22 -1 -1 -1 -1 
42 12 233 211 30 22 -1 -1 -1 -1 
42 14 173 217 34 25 -1 -1 -1 -1 
43 12 225 215 32 24 -1 -1 -1 -1 
43 14 156 224 38 25 -1 -1 -1 -1 
44 12 214 217 34 26 -1 -1 -1 -1 
44 14 140 230 39 27 -1 -1 -1 -1 
45 12 206 223 36 26 -1 -1 -1 -1 
45 14 122 235 42 30 -1 -1 -1 -1 
46 12 191 227 42 29 -1 -1 -1 -1 
46 14 97 242 49 34 -1 -1 -1 -1 
47 12 180 233 41 28 -1 -1 -1 -1 
47 14 76 252 50 36 -1 -1 -1 -1 
48 12 162 239 45 34 -1 -1 -1 -1 
48 14 76 252 50 36 -1 -1 -1 -1 
49 12 147 246 48 31 -1 -1 -1 -1 
50 12 128 254 51 30 -1 -1 -1 -1 
51 12 128 254 51 30 -1 -1 -1 -1 
61 24 423 188 18 14 -1 -1 -1 -1 
62 24 423 188 18 16 -1 -1 -1 -1 
63 24 424 188 17 17 -1 -1 -1 -1 
63 25 330 182 15 10 -1 -1 -1 -1 
64 24 423 189 19 19 -1 -1 -1 -1 
64 25 329 182 14 10 -1 -1 -1 -1 
65 24 423 189 19 19 -1 -1 -1 -1 
66 25 323 183 17 11 -1 -1 -1 -1 
67 24 425 194 18 18 -1 -1 -1 -1 
67 25 321 184 18 12 -1 -1 -1 -1 
68 24 425 194 18 18 -1 -1 -1 -1 
69 24 426 198 19 16 -1 -1 -1 -1 
69 25 315 185 21 14 -1 -1 -1 -1 
70 24 426 198 19 16 -1 -1 -1 -1 
71 24 428 201 18 17 -1 -1 -1 -1 
71 25 306 189 24 13 -1 -1 -1 -1 
72 24 428 201 18 17 -1 -1 -1 -1 
73 24 426 207 22 17 -1 -1 -1 -1 
73 25 299 192 23 14 -1 -1 -1 -1 
74 24 424 207 24 19 -1 -1 -1 -1 
75 24 427 209 21 21 -1 -1 -1 -1 
76 24 429 211 21 21 -1 -1 -1 -1 
77 24 429 212 21 23 -1 -1 -1 -1 
78 24 429 215 22 23 -1 -1 -1 -1 
79 24 430 215 22 25 -1 -1 -1 -1 
80 24 429 219 23 26 -1 -1 -1 -1 
81 24 429 220 25 28 -1 -1 -1 -1 
82 24 429 222 26 31 -1 -1 -1 -1 
83 24 429 229 26 32 -1 -1 -1 -1 
84 24 429 233 28 33 -1 -1 -1 -1 
85 24 429 236 29 38 -1 -1 -1 -1 
86 24 429 243 31 37 -1 -1 -1 -1 
87 24 429 246 32 40 -1 -1 -1 -1 
87 28 364 181 20 19 -1 -1 -1 -1 
88 24 430 255 36 45 -1 -1 -1 -1 
88 28 362 183 19 19 -1 -1 -1 -1 
89 24 429 262 38 48 -1 -1 -1 -1 
89 28 356 183 23 21 -1 -1 -1 -1 
90 24 429 262 38 48 -1 -1 -1 -1 
91 28 350 188 24 23 -1 -1 -1 -1 
92 28 348 190 23 23 -1 -1 -1 -1 
93 28 343 193 25 25 -1 -1 -1 -1 
94 28 337 193 26 32 -1 -1 -1 -1 
95 28 329 201 29 29 -1 -1 -1 -1 
96 28 320 188 36 51 -1 -1 -1 -1 
96 29 437 350 64 107 -1 -1 -1 -1 
97 28 308 187 44 60 -1 -1 -1 -1 
97 29 440 371 70 106 -1 -1 -1 -1 
98 28 293 193 50 67 -1 -1 -1 -1 
98 29 440 400 78 79 -1 -1 -1 -1 
99 28 280 196 60 75 -1 -1 -1 -1 
99 29 440 400 78 79 -1 -1 -1 -1 
100 28 264 197 66 83 -1 -1 -1 -1 
101 28 264 197 66 83 -1 -1 -1 -1 
138 38 303 177 25 14 -1 -1 -1 -1 
139 38 303 177 25 14 -1 -1 -1 -1 
141 39 424 212 22 20 -1 -1 -1 -1 
142 39 423 214 25 21 -1 -1 -1 -1 
148 41 269 191 24 18 -1 -1 -1 -1 
151 38 343 169 15 12 -1 -1 -1 -1 
151 41 246 197 31 23 -1 -1 -1 -1 
152 38 342 171 14 11 -1 -1 -1 -1 
152 41 244 201 28 22 -1 -1 -1 -1 
153 38 341 171 14 11 -1 -1 -1 -1 
153 41 237 203 28 23 -1 -1 -1 -1 
154 38 338 171 14 11 -1 -1 -1 -1 
154 41 225 207 31 26 -1 -1 -1 -1 
155 38 336 172 15 12 -1 -1 -1 -1 
155 41 214 212 36 26 -1 -1 -1 -1 
156 38 333 173 15 14 -1 -1 -1 -1 
156 41 204 216 36 27 -1 -1 -1 -1 
157 38 331 174 17 15 -1 -1 -1 -1 
157 41 192 220 38 30 -1 -1 -1 -1 
158 38 325 176 19 15 -1 -1 -1 -1 
158 41 170 226 46 34 -1 -1 -1 -1 
159 38 324 176 18 17 -1 -1 -1 -1 
159 41 157 232 47 37 -1 -1 -1 -1 
160 38 320 179 19 14 -1 -1 -1 -1 
160 41 143 238 47 38 -1 -1 -1 -1 
161 38 316 179 21 16 -1 -1 -1 -1 
161 41 114 247 57 44 -1 -1 -1 -1 
162 38 313 181 22 16 -1 -1 -1 -1 
162 41 95 255 57 46 -1 -1 -1 -1 
162 46 463 284 16 35 -1 -1 -1 -1 
163 38 309 181 23 20 -1 -1 -1 -1 
163 41 95 255 57 46 -1 -1 -1 -1 
164 38 306 184 22 18 -1 -1 -1 -1 
164 41 44 278 66 50 -1 -1 -1 -1 
165 38 300 185 25 18 -1 -1 -1 -1 
165 41 44 278 66 50 -1 -1 -1 -1 
166 38 300 186 22 18 -1 -1 -1 -1 
167 38 294 189 25 17 -1 -1 -1 -1 
167 48 454 433 65 46 -1 -1 -1 -1 
168 38 291 189 25 20 -1 -1 -1 -1 
169 38 288 192 24 18 -1 -1 -1 -1 
170 38 286 194 21 18 -1 -1 -1 -1 
172 38 274 198 25 19 -1 -1 -1 -1 
173 38 266 202 27 17 -1 -1 -1 -1 
174 38 259 205 28 20 -1 -1 -1 -1 
175 38 251 207 30 19 -1 -1 -1 -1 
179 49 217 221 36 22 -1 -1 -1 -1 
226 58 250 196 30 19 -1 -1 -1 -1 
227 58 246 199 26 19 -1 -1 -1 -1 
228 58 240 201 25 21 -1 -1 -1 -1 
229 58 230 206 28 19 -1 -1 -1 -1 
229 60 311 182 16 12 -1 -1 -1 -1 
230 58 217 209 30 23 -1 -1 -1 -1 
230 60 307 184 16 12 -1 -1 -1 -1 
230 61 323 183 22 15 -1 -1 -1 -1 
231 58 206 215 32 24 -1 -1 -1 -1 
231 60 301 185 18 16 -1 -1 -1 -1 
231 61 323 185 19 13 -1 -1 -1 -1 
232 58 192 217 35 29 -1 -1 -1 -1 
232 60 298 186 19 15 -1 -1 -1 -1 
232 61 321 186 21 14 -1 -1 -1 -1 
233 58 173 227 40 29 -1 -1 -1 -1 
233 60 291 188 21 16 -1 -1 -1 -1 
234 58 156 233 43 33 -1 -1 -1 -1 
234 60 288 190 20 15 -1 -1 -1 -1 
235 58 130 243 48 36 -1 -1 -1 -1 
235 60 282 190 19 19 -1 -1 -1 -1 
236 58 108 252 52 41 -1 -1 -1 -1 
236 60 275 193 22 18 -1 -1 -1 -1 
237 58 82 263 55 42 -1 -1 -1 -1 
237 60 275 193 22 18 -1 -1 -1 -1 
238 58 82 263 55 42 -1 -1 -1 -1 
238 60 261 196 26 22 -1 -1 -1 -1 
238 61 299 197 18 12 -1 -1 -1 -1 
239 60 255 199 25 21 -1 -1 -1 -1 
239 61 299 197 18 12 -1 -1 -1 -1 
239 62 368 185 16 13 -1 -1 -1 -1 
240 60 246 204 27 21 -1 -1 -1 -1 
240 62 365 186 18 15 -1 -1 -1 -1 
241 60 236 206 30 22 -1 -1 -1 -1 
241 62 362 187 20 15 -1 -1 -1 -1 
242 60 227 208 31 25 -1 -1 -1 -1 
242 62 360 188 19 16 -1 -1 -1 -1 
243 60 215 213 32 25 -1 -1 -1 -1 
243 62 358 191 18 16 -1 -1 -1 -1 
244 60 202 217 37 26 -1 -1 -1 -1 
244 62 352 192 22 18 -1 -1 -1 -1 
245 60 186 224 39 28 -1 -1 -1 -1 
245 62 349 196 22 18 -1 -1 -1 -1 
246 60 171 228 44 32 -1 -1 -1 -1 
246 62 344 196 24 21 -1 -1 -1 -1 
247 60 157 234 45 35 -1 -1 -1 -1 
247 62 338 200 27 21 -1 -1 -1 -1 
248 60 133 242 51 38 -1 -1 -1 -1 
248 62 329 203 32 25 -1 -1 -1 -1 
249 60 114 249 54 41 -1 -1 -1 -1 
249 62 324 208 32 26 -1 -1 -1 -1 
250 60 93 257 57 45 -1 -1 -1 -1 
250 62 316 210 35 31 -1 -1 -1 -1 
251 60 93 257 57 45 -1 -1 -1 -1 
252 62 290 219 46 42 -1 -1 -1 -1 
253 62 271 226 57 49 -1 -1 -1 -1 
254 62 271 226 57 49 -1 -1 -1 -1 
277 74 223 203 30 23 -1 -1 -1 -1 
278 74 214 207 31 23 -1 -1 -1 -1 
279 74 201 209 33 28 -1 -1 -1 -1 
280 74 183 216 38 31 -1 -1 -1 -1 
281 74 183 216 38 31 -1 -1 -1 -1 
296 81 351 193 22 17 -1 -1 -1 -1 
297 81 347 195 23 19 -1 -1 -1 -1 
298 81 343 196 23 21 -1 -1 -1 -1 
299 81 336 198 28 25 -1 -1 -1 -1 
300 81 331 203 27 26 -1 -1 -1 -1 
301 81 321 208 31 28 -1 -1 -1 -1 
302 81 306 213 39 34 -1 -1 -1 -1 
303 81 291 217 45 44 -1 -1 -1 -1 
304 81 291 217 45 44 -1 -1 -1 -1 
315 87 368 188 16 13 -1 -1 -1 -1 
316 87 364 189 20 17 -1 -1 -1 -1 
317 87 362 191 19 17 -1 -1 -1 -1 
318 87 360 193 19 17 -1 -1 -1 -1 
319 87 356 195 21 18 -1 -1 -1 -1 
320 87 353 197 22 20 -1 -1 -1 -1 
321 87 348 200 23 21 -1 -1 -1 -1 
322 87 341 202 26 25 -1 -1 -1 -1 
323 87 330 207 32 28 -1 -1 -1 -1 
324 87 321 211 36 33 -1 -1 -1 -1 
325 87 306 216 46 40 -1 -1 -1 -1 
326 87 289 223 55 46 -1 -1 -1 -1 
327 87 271 232 62 55 -1 -1 -1 -1 
328 87 241 244 77 69 -1 -1 -1 -1 
328 94 300 194 20 14 -1 -1 -1 -1 
329 87 241 244 77 69 -1 -1 -1 -1 
329 94 300 194 20 14 -1 -1 -1 -1 
332 99 157 233 43 32 -1 -1 -1 -1 
333 99 157 233 43 32 -1 -1 -1 -1 
341 104 361 188 23 18 -1 -1 -1 -1 
342 104 360 191 21 18 -1 -1 -1 -1 
343 104 353 195 25 18 -1 -1 -1 -1 
344 104 348 196 25 20 -1 -1 -1 -1 
345 104 347 196 25 24 -1 -1 -1 -1 
346 104 340 199 29 24 -1 -1 -1 -1 
347 104 336 203 28 25 -1 -1 -1 -1 
348 104 327 207 32 26 -1 -1 -1 -1 
349 104 318 208 37 34 -1 -1 -1 -1 
350 104 300 217 48 38 -1 -1 -1 -1 
