7 8 335 208 27 21 -1 -1 -1 -1 
8 8 322 214 31 25 -1 -1 -1 -1 
9 8 310 218 37 32 -1 -1 -1 -1 
10 8 290 227 46 36 -1 -1 -1 -1 
11 8 290 227 46 36 -1 -1 -1 -1 
14 14 364 190 23 20 -1 -1 -1 -1 
15 14 359 192 26 21 -1 -1 -1 -1 
16 14 357 192 31 24 -1 -1 -1 -1 
17 14 357 192 31 24 -1 -1 -1 -1 
18 14 347 197 37 26 -1 -1 -1 -1 
19 14 345 206 30 21 -1 -1 -1 -1 
20 14 343 207 27 24 -1 -1 -1 -1 
21 14 334 207 34 29 -1 -1 -1 -1 
22 14 331 211 32 31 -1 -1 -1 -1 
23 14 321 216 38 34 -1 -1 -1 -1 
24 14 309 222 43 40 -1 -1 -1 -1 
25 14 294 226 56 48 -1 -1 -1 -1 
25 19 356 197 22 18 -1 -1 -1 -1 
26 14 279 235 63 54 -1 -1 -1 -1 
26 19 354 199 23 18 -1 -1 -1 -1 
27 14 248 245 83 74 -1 -1 -1 -1 
27 19 347 204 26 18 -1 -1 -1 -1 
28 14 223 259 93 86 -1 -1 -1 -1 
28 19 345 206 26 18 -1 -1 -1 -1 
29 14 182 279 117 105 -1 -1 -1 -1 
29 19 342 206 26 23 -1 -1 -1 -1 
30 14 182 279 117 105 -1 -1 -1 -1 
30 19 333 209 31 27 -1 -1 -1 -1 
31 19 326 213 34 29 -1 -1 -1 -1 
32 19 318 217 36 30 -1 -1 -1 -1 
38 24 35 239 74 76 -1 -1 -1 -1 
39 24 4 253 83 76 -1 -1 -1 -1 
40 24 4 253 83 76 -1 -1 -1 -1 
41 25 74 343 159 136 -1 -1 -1 -1 
42 25 74 343 159 136 -1 -1 -1 -1 
49 28 318 180 16 13 -1 -1 -1 -1 
50 28 315 183 16 12 -1 -1 -1 -1 
53 28 303 186 19 16 -1 -1 -1 -1 
100 31 326 181 16 13 -1 -1 -1 -1 
101 31 323 183 18 12 -1 -1 -1 -1 
102 31 322 185 16 11 -1 -1 -1 -1 
104 31 315 187 17 13 -1 -1 -1 -1 
105 31 310 188 19 14 -1 -1 -1 -1 
106 31 305 190 21 14 -1 -1 -1 -1 
107 31 299 192 22 14 -1 -1 -1 -1 
108 31 295 194 24 15 -1 -1 -1 -1 
108 32 251 195 24 22 -1 -1 -1 -1 
109 31 293 197 21 14 -1 -1 -1 -1 
109 32 240 196 29 25 -1 -1 -1 -1 
110 31 287 199 22 14 -1 -1 -1 -1 
110 32 232 201 29 22 -1 -1 -1 -1 
111 31 279 202 23 14 -1 -1 -1 -1 
111 32 221 204 30 24 -1 -1 -1 -1 
112 31 275 205 22 13 -1 -1 -1 -1 
112 32 210 209 32 25 -1 -1 -1 -1 
113 31 307 177 21 15 -1 -1 -1 -1 
113 32 197 212 42 28 -1 -1 -1 -1 
114 31 260 210 28 16 -1 -1 -1 -1 
114 32 185 215 40 32 -1 -1 -1 -1 
115 31 260 210 28 16 -1 -1 -1 -1 
115 32 164 223 44 34 -1 -1 -1 -1 
116 32 149 228 43 39 -1 -1 -1 -1 
117 31 295 184 20 16 -1 -1 -1 -1 
117 32 130 236 48 42 -1 -1 -1 -1 
118 31 295 184 20 16 -1 -1 -1 -1 
119 32 73 255 62 48 -1 -1 -1 -1 
120 32 46 265 65 53 -1 -1 -1 -1 
121 32 15 278 70 58 -1 -1 -1 -1 
122 32 0 289 57 64 -1 -1 -1 -1 
123 32 0 305 26 47 -1 -1 -1 -1 
124 32 0 305 26 47 -1 -1 -1 -1 
125 36 254 198 27 20 -1 -1 -1 -1 
126 36 248 199 27 23 -1 -1 -1 -1 
127 31 319 176 21 16 -1 -1 -1 -1 
127 36 239 204 31 22 -1 -1 -1 -1 
128 31 319 176 21 16 -1 -1 -1 -1 
129 36 219 209 33 27 -1 -1 -1 -1 
130 36 211 214 33 26 -1 -1 -1 -1 
131 36 196 219 39 29 -1 -1 -1 -1 
132 36 188 222 37 30 -1 -1 -1 -1 
133 31 318 175 17 14 -1 -1 -1 -1 
133 36 170 229 43 34 -1 -1 -1 -1 
134 31 317 175 16 14 -1 -1 -1 -1 
134 36 154 234 46 37 -1 -1 -1 -1 
135 31 313 177 17 15 -1 -1 -1 -1 
135 36 129 245 53 39 -1 -1 -1 -1 
135 38 288 190 23 19 -1 -1 -1 -1 
136 31 345 167 17 12 -1 -1 -1 -1 
136 36 109 253 57 43 -1 -1 -1 -1 
136 38 309 179 20 14 -1 -1 -1 -1 
137 31 304 181 21 14 -1 -1 -1 -1 
137 36 85 261 60 47 -1 -1 -1 -1 
137 38 279 194 24 19 -1 -1 -1 -1 
138 31 299 182 21 15 -1 -1 -1 -1 
138 36 85 261 60 47 -1 -1 -1 -1 
138 38 273 196 24 20 -1 -1 -1 -1 
139 31 297 183 20 17 -1 -1 -1 -1 
139 38 266 197 28 22 -1 -1 -1 -1 
140 31 294 185 21 17 -1 -1 -1 -1 
140 38 256 201 32 24 -1 -1 -1 -1 
141 31 289 187 20 16 -1 -1 -1 -1 
141 38 249 204 29 24 -1 -1 -1 -1 
142 31 284 190 23 15 -1 -1 -1 -1 
142 38 241 207 33 22 -1 -1 -1 -1 
142 41 338 171 14 14 -1 -1 -1 -1 
143 31 278 191 22 17 -1 -1 -1 -1 
143 38 229 212 34 23 -1 -1 -1 -1 
143 41 335 174 14 13 -1 -1 -1 -1 
144 31 273 192 23 18 -1 -1 -1 -1 
145 31 268 195 25 19 -1 -1 -1 -1 
146 31 261 196 27 20 -1 -1 -1 -1 
146 41 327 176 18 16 -1 -1 -1 -1 
147 31 252 199 27 22 -1 -1 -1 -1 
147 41 325 179 18 14 -1 -1 -1 -1 
148 31 244 202 31 22 -1 -1 -1 -1 
148 41 320 179 20 17 -1 -1 -1 -1 
149 31 234 206 32 23 -1 -1 -1 -1 
149 41 321 180 17 16 -1 -1 -1 -1 
150 31 222 208 36 26 -1 -1 -1 -1 
150 41 318 181 17 16 -1 -1 -1 -1 
151 31 215 213 36 25 -1 -1 -1 -1 
151 41 315 182 18 17 -1 -1 -1 -1 
152 31 203 217 39 27 -1 -1 -1 -1 
152 41 310 185 19 15 -1 -1 -1 -1 
153 31 187 222 44 29 -1 -1 -1 -1 
153 38 323 173 19 15 -1 -1 -1 -1 
153 41 306 187 19 16 -1 -1 -1 -1 
154 31 173 228 46 33 -1 -1 -1 -1 
154 38 323 173 19 15 -1 -1 -1 -1 
154 41 303 188 19 16 -1 -1 -1 -1 
155 31 154 236 48 34 -1 -1 -1 -1 
155 38 271 186 18 14 -1 -1 -1 -1 
155 41 299 190 19 18 -1 -1 -1 -1 
156 31 133 243 56 41 -1 -1 -1 -1 
156 38 271 186 18 14 -1 -1 -1 -1 
157 31 108 254 59 41 -1 -1 -1 -1 
157 38 261 188 20 16 -1 -1 -1 -1 
157 41 287 193 23 17 -1 -1 -1 -1 
158 31 76 263 66 49 -1 -1 -1 -1 
158 38 261 188 20 16 -1 -1 -1 -1 
159 31 47 277 70 50 -1 -1 -1 -1 
160 31 20 289 71 53 -1 -1 -1 -1 
160 38 297 182 17 18 -1 -1 -1 -1 
160 41 270 201 25 16 -1 -1 -1 -1 
161 31 20 289 71 53 -1 -1 -1 -1 
161 38 290 186 21 17 -1 -1 -1 -1 
161 41 263 205 25 16 -1 -1 -1 -1 
162 38 290 186 21 17 -1 -1 -1 -1 
162 41 284 190 21 17 -1 -1 -1 -1 
163 38 278 190 24 20 -1 -1 -1 -1 
163 41 284 190 21 17 -1 -1 -1 -1 
163 46 328 182 14 12 -1 -1 -1 -1 
164 38 268 196 27 20 -1 -1 -1 -1 
164 46 323 185 17 12 -1 -1 -1 -1 
164 47 232 216 32 21 -1 -1 -1 -1 
165 38 259 199 29 20 -1 -1 -1 -1 
165 46 319 187 18 13 -1 -1 -1 -1 
165 47 217 221 36 24 -1 -1 -1 -1 
166 38 259 199 29 20 -1 -1 -1 -1 
166 41 254 201 27 21 -1 -1 -1 -1 
167 41 249 205 26 20 -1 -1 -1 -1 
167 46 313 188 18 14 -1 -1 -1 -1 
168 41 237 209 30 24 -1 -1 -1 -1 
168 46 308 192 16 12 -1 -1 -1 -1 
169 41 231 214 29 20 -1 -1 -1 -1 
169 46 304 193 18 13 -1 -1 -1 -1 
170 41 217 218 32 23 -1 -1 -1 -1 
170 46 299 195 18 14 -1 -1 -1 -1 
171 41 207 224 34 22 -1 -1 -1 -1 
171 46 294 199 20 12 -1 -1 -1 -1 
172 41 192 231 38 25 -1 -1 -1 -1 
173 41 192 231 38 25 -1 -1 -1 -1 
179 57 151 225 44 30 -1 -1 -1 -1 
180 57 137 230 47 32 -1 -1 -1 -1 
181 57 121 234 50 36 -1 -1 -1 -1 
182 57 95 242 58 41 -1 -1 -1 -1 
183 57 77 250 60 43 -1 -1 -1 -1 
184 57 51 260 60 49 -1 -1 -1 -1 
185 57 26 269 65 50 -1 -1 -1 -1 
186 57 1 277 63 62 -1 -1 -1 -1 
191 46 312 178 16 12 -1 -1 -1 -1 
195 46 296 185 19 14 -1 -1 -1 -1 
196 46 294 187 18 13 -1 -1 -1 -1 
197 46 289 189 18 12 -1 -1 -1 -1 
198 46 285 189 18 15 -1 -1 -1 -1 
199 46 277 192 20 16 -1 -1 -1 -1 
200 46 268 194 24 18 -1 -1 -1 -1 
201 41 366 191 18 13 -1 -1 -1 -1 
201 46 263 196 23 17 -1 -1 -1 -1 
202 41 362 192 22 13 -1 -1 -1 -1 
202 46 256 197 24 20 -1 -1 -1 -1 
203 41 362 192 22 13 -1 -1 -1 -1 
203 46 246 202 26 21 -1 -1 -1 -1 
204 46 233 207 28 21 -1 -1 -1 -1 
205 46 218 211 33 24 -1 -1 -1 -1 
205 60 344 200 25 22 -1 -1 -1 -1 
206 46 209 214 33 25 -1 -1 -1 -1 
206 60 337 204 28 24 -1 -1 -1 -1 
207 46 190 220 39 28 -1 -1 -1 -1 
207 60 325 211 31 28 -1 -1 -1 -1 
208 46 171 227 41 29 -1 -1 -1 -1 
208 60 310 219 38 34 -1 -1 -1 -1 
209 46 157 232 44 30 -1 -1 -1 -1 
209 60 292 226 48 43 -1 -1 -1 -1 
210 46 157 232 44 30 -1 -1 -1 -1 
210 60 292 226 48 43 -1 -1 -1 -1 
211 64 284 187 21 17 -1 -1 -1 -1 
212 64 274 190 23 19 -1 -1 -1 -1 
213 64 266 191 25 21 -1 -1 -1 -1 
214 64 257 194 28 22 -1 -1 -1 -1 
215 64 246 195 29 27 -1 -1 -1 -1 
216 64 239 198 29 28 -1 -1 -1 -1 
217 41 339 170 11 8 -1 -1 -1 -1 
217 64 223 205 34 28 -1 -1 -1 -1 
218 41 339 170 11 8 -1 -1 -1 -1 
218 64 209 209 36 31 -1 -1 -1 -1 
219 64 193 214 40 33 -1 -1 -1 -1 
220 41 330 172 12 9 -1 -1 -1 -1 
220 64 174 219 45 40 -1 -1 -1 -1 
221 41 325 173 15 10 -1 -1 -1 -1 
221 64 151 227 48 44 -1 -1 -1 -1 
222 41 325 173 15 10 -1 -1 -1 -1 
223 41 320 176 14 11 -1 -1 -1 -1 
224 41 315 177 16 12 -1 -1 -1 -1 
225 41 311 180 15 12 -1 -1 -1 -1 
226 41 307 181 16 12 -1 -1 -1 -1 
226 75 367 182 18 19 -1 -1 -1 -1 
227 41 302 182 17 14 -1 -1 -1 -1 
227 75 362 183 21 19 -1 -1 -1 -1 
228 41 296 184 18 15 -1 -1 -1 -1 
228 75 359 187 19 20 -1 -1 -1 -1 
229 41 289 187 20 14 -1 -1 -1 -1 
230 41 283 189 19 16 -1 -1 -1 -1 
231 41 278 191 20 16 -1 -1 -1 -1 
232 41 270 192 24 18 -1 -1 -1 -1 
233 41 261 196 25 19 -1 -1 -1 -1 
234 41 252 198 27 22 -1 -1 -1 -1 
235 41 245 202 28 22 -1 -1 -1 -1 
236 41 235 204 30 25 -1 -1 -1 -1 
237 41 218 210 36 25 -1 -1 -1 -1 
238 41 209 214 35 28 -1 -1 -1 -1 
239 41 194 221 41 28 -1 -1 -1 -1 
240 41 173 227 46 34 -1 -1 -1 -1 
241 41 157 232 48 38 -1 -1 -1 -1 
242 41 137 241 52 41 -1 -1 -1 -1 
243 41 108 253 59 44 -1 -1 -1 -1 
244 41 86 261 60 47 -1 -1 -1 -1 
245 41 54 273 69 51 -1 -1 -1 -1 
250 75 348 172 13 10 -1 -1 -1 -1 
251 75 348 172 13 10 -1 -1 -1 -1 
253 83 286 188 19 16 -1 -1 -1 -1 
254 75 370 183 14 10 -1 -1 -1 -1 
254 83 281 190 17 17 -1 -1 -1 -1 
255 75 369 184 14 9 -1 -1 -1 -1 
255 83 274 191 20 19 -1 -1 -1 -1 
256 75 367 184 15 12 -1 -1 -1 -1 
256 83 266 194 23 20 -1 -1 -1 -1 
257 75 364 187 15 12 -1 -1 -1 -1 
257 83 251 197 27 25 -1 -1 -1 -1 
258 75 361 189 15 12 -1 -1 -1 -1 
258 83 240 204 31 22 -1 -1 -1 -1 
259 75 358 190 17 15 -1 -1 -1 -1 
259 83 231 207 29 25 -1 -1 -1 -1 
260 75 358 190 17 15 -1 -1 -1 -1 
260 83 231 207 29 25 -1 -1 -1 -1 
262 86 313 212 33 28 -1 -1 -1 -1 
263 86 298 215 39 36 -1 -1 -1 -1 
269 92 86 293 141 128 -1 -1 -1 -1 
