8 5 319 177 20 17 -1 -1 -1 -1 
9 5 313 180 21 19 -1 -1 -1 -1 
10 5 307 182 21 20 -1 -1 -1 -1 
11 5 299 184 23 21 -1 -1 -1 -1 
12 5 289 190 23 20 -1 -1 -1 -1 
13 5 277 192 27 22 -1 -1 -1 -1 
13 14 420 219 23 25 -1 -1 -1 -1 
14 5 264 199 27 23 -1 -1 -1 -1 
14 14 420 224 26 27 -1 -1 -1 -1 
15 5 264 199 27 23 -1 -1 -1 -1 
15 14 418 225 30 29 -1 -1 -1 -1 
16 14 419 225 30 33 -1 -1 -1 -1 
17 14 421 228 29 34 -1 -1 -1 -1 
18 14 421 232 29 33 -1 -1 -1 -1 
19 14 421 234 30 36 -1 -1 -1 -1 
20 14 418 235 34 38 -1 -1 -1 -1 
21 14 422 241 31 36 -1 -1 -1 -1 
21 25 196 211 36 29 -1 -1 -1 -1 
21 26 342 199 24 25 -1 -1 -1 -1 
22 14 422 244 32 38 -1 -1 -1 -1 
22 25 183 218 39 29 -1 -1 -1 -1 
22 26 336 204 28 27 -1 -1 -1 -1 
23 14 423 247 32 42 -1 -1 -1 -1 
23 25 163 225 43 30 -1 -1 -1 -1 
23 26 322 208 35 34 -1 -1 -1 -1 
24 14 422 250 34 45 -1 -1 -1 -1 
24 25 149 228 46 35 -1 -1 -1 -1 
24 26 306 216 45 35 -1 -1 -1 -1 
25 14 423 257 34 45 -1 -1 -1 -1 
25 25 125 237 51 39 -1 -1 -1 -1 
25 26 283 224 57 46 -1 -1 -1 -1 
26 14 422 257 38 54 -1 -1 -1 -1 
26 25 105 245 59 42 -1 -1 -1 -1 
26 26 264 233 65 56 -1 -1 -1 -1 
27 14 423 264 40 53 -1 -1 -1 -1 
27 25 74 255 61 46 -1 -1 -1 -1 
27 26 264 233 65 56 -1 -1 -1 -1 
28 14 423 264 40 53 -1 -1 -1 -1 
28 25 59 261 63 50 -1 -1 -1 -1 
29 25 21 274 70 56 -1 -1 -1 -1 
30 5 423 213 21 20 -1 -1 -1 -1 
30 25 0 283 64 65 -1 -1 -1 -1 
31 5 420 215 27 22 -1 -1 -1 -1 
31 25 0 283 64 65 -1 -1 -1 -1 
32 5 422 214 25 24 -1 -1 -1 -1 
33 5 422 215 26 24 -1 -1 -1 -1 
33 32 429 300 47 72 -1 -1 -1 -1 
34 5 421 216 29 25 -1 -1 -1 -1 
35 5 422 221 27 23 -1 -1 -1 -1 
36 5 422 223 27 22 -1 -1 -1 -1 
37 5 424 222 27 26 -1 -1 -1 -1 
38 5 425 224 27 25 -1 -1 -1 -1 
39 5 427 224 25 26 -1 -1 -1 -1 
40 5 427 228 28 24 -1 -1 -1 -1 
41 5 428 231 30 25 -1 -1 -1 -1 
42 5 429 233 31 26 -1 -1 -1 -1 
43 5 431 235 32 26 -1 -1 -1 -1 
44 5 433 236 32 27 -1 -1 -1 -1 
44 14 420 193 17 16 -1 -1 -1 -1 
45 5 435 237 35 28 -1 -1 -1 -1 
45 14 420 195 16 15 -1 -1 -1 -1 
46 5 437 239 37 28 -1 -1 -1 -1 
46 14 420 194 17 16 -1 -1 -1 -1 
47 5 438 241 44 30 -1 -1 -1 -1 
47 14 420 197 17 15 -1 -1 -1 -1 
48 5 440 243 42 29 -1 -1 -1 -1 
48 14 419 199 18 14 -1 -1 -1 -1 
49 5 442 245 40 27 -1 -1 -1 -1 
49 14 420 198 17 16 -1 -1 -1 -1 
50 5 446 246 54 31 -1 -1 -1 -1 
50 14 419 200 19 16 -1 -1 -1 -1 
51 5 452 248 53 30 -1 -1 -1 -1 
51 14 420 201 19 17 -1 -1 -1 -1 
52 5 455 249 64 39 -1 -1 -1 -1 
52 14 421 202 17 15 -1 -1 -1 -1 
53 5 464 251 61 35 -1 -1 -1 -1 
53 14 421 204 18 17 -1 -1 -1 -1 
54 5 464 251 61 35 -1 -1 -1 -1 
54 14 421 205 18 17 -1 -1 -1 -1 
55 14 421 206 18 17 -1 -1 -1 -1 
