19 3 218 214 33 24 -1 -1 -1 -1 
20 3 203 219 36 27 -1 -1 -1 -1 
67 50 422 208 17 16 -1 -1 -1 -1 
68 50 423 213 18 21 -1 -1 -1 -1 
69 50 423 223 21 25 -1 -1 -1 -1 
70 50 424 232 24 33 -1 -1 -1 -1 
71 50 425 249 28 38 -1 -1 -1 -1 
72 50 425 249 28 38 -1 -1 -1 -1 
84 59 496 302 24 52 -1 -1 -1 -1 
85 59 496 302 24 52 -1 -1 -1 -1 
90 69 521 349 20 54 -1 -1 -1 -1 
91 69 521 349 20 54 -1 -1 -1 -1 
94 83 527 393 24 55 -1 -1 -1 -1 
95 83 529 385 24 76 -1 -1 -1 -1 
96 83 529 385 24 76 -1 -1 -1 -1 
109 107 424 208 17 18 -1 -1 -1 -1 
110 107 425 214 19 21 -1 -1 -1 -1 
111 107 425 222 24 24 -1 -1 -1 -1 
112 107 427 231 26 29 -1 -1 -1 -1 
113 107 429 246 32 34 -1 -1 -1 -1 
114 107 429 246 32 34 -1 -1 -1 -1 
