6 4 199 231 122 116 -1 -1 -1 -1 
11 8 319 179 16 15 -1 -1 -1 -1 
12 8 367 190 19 12 -1 -1 -1 -1 
13 8 307 185 19 16 -1 -1 -1 -1 
14 8 301 189 19 13 -1 -1 -1 -1 
15 8 361 195 19 15 -1 -1 -1 -1 
16 8 358 196 20 17 -1 -1 -1 -1 
17 8 353 198 23 19 -1 -1 -1 -1 
17 14 276 195 26 19 -1 -1 -1 -1 
18 8 346 201 28 21 -1 -1 -1 -1 
18 14 270 198 27 17 -1 -1 -1 -1 
19 8 345 205 26 19 -1 -1 -1 -1 
19 14 260 201 30 20 -1 -1 -1 -1 
20 8 340 207 26 23 -1 -1 -1 -1 
20 14 250 205 30 19 -1 -1 -1 -1 
21 8 335 210 27 25 -1 -1 -1 -1 
21 14 240 210 34 20 -1 -1 -1 -1 
22 8 328 215 30 27 -1 -1 -1 -1 
22 14 226 212 38 23 -1 -1 -1 -1 
23 8 318 220 34 32 -1 -1 -1 -1 
23 14 216 218 36 23 -1 -1 -1 -1 
24 8 308 228 38 34 -1 -1 -1 -1 
25 8 290 233 50 41 -1 -1 -1 -1 
26 8 276 242 58 47 -1 -1 -1 -1 
27 8 252 250 73 61 -1 -1 -1 -1 
28 8 252 250 73 61 -1 -1 -1 -1 
36 14 226 198 29 21 -1 -1 -1 -1 
37 14 217 203 29 21 -1 -1 -1 -1 
38 14 203 208 34 21 -1 -1 -1 -1 
53 30 185 210 38 27 -1 -1 -1 -1 
54 30 172 217 38 26 -1 -1 -1 -1 
55 30 152 227 43 27 -1 -1 -1 -1 
56 30 134 231 44 31 -1 -1 -1 -1 
57 30 110 236 51 37 -1 -1 -1 -1 
58 30 81 246 58 40 -1 -1 -1 -1 
59 30 54 256 60 41 -1 -1 -1 -1 
60 30 17 266 71 52 -1 -1 -1 -1 
61 30 0 283 47 60 -1 -1 -1 -1 
79 31 549 417 28 60 -1 -1 -1 -1 
