11 2 319 178 16 14 -1 -1 -1 -1 
12 2 313 181 17 13 -1 -1 -1 -1 
14 2 300 185 22 15 -1 -1 -1 -1 
15 2 294 186 25 16 -1 -1 -1 -1 
16 2 289 188 27 16 -1 -1 -1 -1 
17 2 288 189 25 17 -1 -1 -1 -1 
18 2 277 189 32 19 -1 -1 -1 -1 
19 2 274 192 30 20 -1 -1 -1 -1 
20 2 264 191 36 22 -1 -1 -1 -1 
21 2 268 196 26 23 -1 -1 -1 -1 
22 2 259 200 28 21 -1 -1 -1 -1 
23 2 254 203 29 22 -1 -1 -1 -1 
24 2 246 206 29 22 -1 -1 -1 -1 
25 2 234 210 33 24 -1 -1 -1 -1 
26 2 224 212 34 23 -1 -1 -1 -1 
27 2 212 216 39 25 -1 -1 -1 -1 
28 2 198 223 42 25 -1 -1 -1 -1 
29 2 179 229 48 33 -1 -1 -1 -1 
30 2 158 238 53 32 -1 -1 -1 -1 
31 2 139 246 55 31 -1 -1 -1 -1 
32 2 118 253 60 36 -1 -1 -1 -1 
33 2 118 253 60 36 -1 -1 -1 -1 
66 19 229 214 36 25 -1 -1 -1 -1 
67 19 224 217 34 23 -1 -1 -1 -1 
68 19 224 217 34 23 -1 -1 -1 -1 
69 20 426 208 20 18 -1 -1 -1 -1 
70 20 427 210 20 19 -1 -1 -1 -1 
71 20 429 212 20 19 -1 -1 -1 -1 
72 20 429 216 22 19 -1 -1 -1 -1 
73 20 429 216 22 22 -1 -1 -1 -1 
74 20 429 220 24 21 -1 -1 -1 -1 
75 20 430 222 25 23 -1 -1 -1 -1 
76 20 431 225 26 24 -1 -1 -1 -1 
77 20 432 228 25 26 -1 -1 -1 -1 
77 24 189 209 35 19 -1 -1 -1 -1 
78 20 433 230 25 26 -1 -1 -1 -1 
79 20 431 236 30 28 -1 -1 -1 -1 
79 24 166 216 38 23 -1 -1 -1 -1 
80 20 432 241 30 30 -1 -1 -1 -1 
80 24 148 221 41 27 -1 -1 -1 -1 
81 20 434 246 31 31 -1 -1 -1 -1 
81 24 132 228 45 31 -1 -1 -1 -1 
81 25 250 202 26 23 -1 -1 -1 -1 
82 20 435 250 30 34 -1 -1 -1 -1 
82 24 115 233 48 36 -1 -1 -1 -1 
82 25 239 204 29 26 -1 -1 -1 -1 
83 20 434 257 32 35 -1 -1 -1 -1 
83 24 96 239 52 38 -1 -1 -1 -1 
83 25 226 210 32 27 -1 -1 -1 -1 
84 20 435 263 33 40 -1 -1 -1 -1 
84 24 96 239 52 38 -1 -1 -1 -1 
85 20 435 270 37 44 -1 -1 -1 -1 
85 25 193 224 39 29 -1 -1 -1 -1 
86 20 436 278 38 47 -1 -1 -1 -1 
86 25 175 229 43 33 -1 -1 -1 -1 
87 20 434 287 43 50 -1 -1 -1 -1 
87 25 155 237 47 36 -1 -1 -1 -1 
87 27 0 274 65 58 -1 -1 -1 -1 
88 20 436 296 44 58 -1 -1 -1 -1 
88 25 132 247 53 39 -1 -1 -1 -1 
88 27 0 285 39 51 -1 -1 -1 -1 
89 20 436 308 47 62 -1 -1 -1 -1 
89 25 106 256 59 39 -1 -1 -1 -1 
89 27 0 285 39 51 -1 -1 -1 -1 
90 20 437 322 51 71 -1 -1 -1 -1 
90 25 106 256 59 39 -1 -1 -1 -1 
91 20 439 336 55 81 -1 -1 -1 -1 
91 29 333 196 30 39 -1 -1 -1 -1 
92 20 438 356 62 94 -1 -1 -1 -1 
92 29 325 203 32 39 -1 -1 -1 -1 
93 20 440 378 67 99 -1 -1 -1 -1 
93 29 315 198 37 54 -1 -1 -1 -1 
94 20 439 397 75 79 -1 -1 -1 -1 
94 29 305 206 43 54 -1 -1 -1 -1 
95 20 439 397 75 79 -1 -1 -1 -1 
95 29 277 210 60 72 -1 -1 -1 -1 
96 29 277 210 60 72 -1 -1 -1 -1 
97 30 211 206 31 20 -1 -1 -1 -1 
98 30 203 208 29 22 -1 -1 -1 -1 
99 30 188 212 36 24 -1 -1 -1 -1 
100 30 177 215 34 24 -1 -1 -1 -1 
101 30 161 221 55 29 -1 -1 -1 -1 
163 91 288 189 20 14 -1 -1 -1 -1 
164 91 285 190 21 16 -1 -1 -1 -1 
165 91 285 191 19 15 -1 -1 -1 -1 
165 95 348 170 13 11 -1 -1 -1 -1 
165 97 128 235 44 26 -1 -1 -1 -1 
166 91 275 191 23 19 -1 -1 -1 -1 
166 95 348 170 13 11 -1 -1 -1 -1 
167 91 264 194 27 21 -1 -1 -1 -1 
167 95 340 172 17 12 -1 -1 -1 -1 
168 91 256 197 27 22 -1 -1 -1 -1 
168 95 336 173 21 14 -1 -1 -1 -1 
169 91 249 204 26 19 -1 -1 -1 -1 
169 95 335 174 17 14 -1 -1 -1 -1 
170 91 239 205 31 22 -1 -1 -1 -1 
170 95 332 173 16 16 -1 -1 -1 -1 
171 91 227 209 35 24 -1 -1 -1 -1 
171 95 328 175 17 16 -1 -1 -1 -1 
172 91 213 214 38 26 -1 -1 -1 -1 
172 95 325 178 16 14 -1 -1 -1 -1 
173 91 204 220 36 26 -1 -1 -1 -1 
173 95 320 180 18 15 -1 -1 -1 -1 
174 91 192 226 37 25 -1 -1 -1 -1 
174 95 317 180 18 17 -1 -1 -1 -1 
175 91 177 232 40 29 -1 -1 -1 -1 
175 95 311 182 20 18 -1 -1 -1 -1 
176 91 159 239 43 28 -1 -1 -1 -1 
176 95 308 184 20 18 -1 -1 -1 -1 
177 91 139 247 49 32 -1 -1 -1 -1 
177 95 301 185 21 19 -1 -1 -1 -1 
177 104 227 209 34 27 -1 -1 -1 -1 
178 91 118 257 52 32 -1 -1 -1 -1 
178 95 297 188 21 19 -1 -1 -1 -1 
178 104 216 213 36 27 -1 -1 -1 -1 
179 91 118 257 52 32 -1 -1 -1 -1 
179 95 289 190 25 20 -1 -1 -1 -1 
180 95 283 193 23 20 -1 -1 -1 -1 
181 95 278 194 26 21 -1 -1 -1 -1 
182 95 278 194 26 21 -1 -1 -1 -1 
183 95 262 200 28 23 -1 -1 -1 -1 
183 107 384 179 12 12 -1 -1 -1 -1 
184 95 253 203 28 24 -1 -1 -1 -1 
184 107 382 181 13 12 -1 -1 -1 -1 
185 95 253 203 28 24 -1 -1 -1 -1 
186 95 230 212 34 24 -1 -1 -1 -1 
186 107 377 184 15 12 -1 -1 -1 -1 
187 95 230 212 34 24 -1 -1 -1 -1 
188 95 210 220 37 25 -1 -1 -1 -1 
188 107 374 187 17 13 -1 -1 -1 -1 
189 95 210 220 37 25 -1 -1 -1 -1 
190 107 367 188 19 19 -1 -1 -1 -1 
191 107 361 191 24 19 -1 -1 -1 -1 
192 107 359 193 24 21 -1 -1 -1 -1 
193 107 347 201 27 23 -1 -1 -1 -1 
194 107 347 201 27 23 -1 -1 -1 -1 
202 121 420 202 18 15 -1 -1 -1 -1 
203 121 421 206 18 17 -1 -1 -1 -1 
204 121 423 207 18 19 -1 -1 -1 -1 
205 121 424 211 19 21 -1 -1 -1 -1 
206 95 308 178 18 16 -1 -1 -1 -1 
206 121 426 216 21 24 -1 -1 -1 -1 
207 95 298 184 18 16 -1 -1 -1 -1 
207 121 427 222 22 25 -1 -1 -1 -1 
208 95 298 184 18 16 -1 -1 -1 -1 
208 107 345 169 13 10 -1 -1 -1 -1 
208 121 427 229 23 26 -1 -1 -1 -1 
209 107 340 171 15 12 -1 -1 -1 -1 
209 121 427 237 26 29 -1 -1 -1 -1 
210 107 334 174 15 14 -1 -1 -1 -1 
210 121 427 245 29 35 -1 -1 -1 -1 
211 107 325 179 17 14 -1 -1 -1 -1 
211 121 428 256 34 44 -1 -1 -1 -1 
212 95 348 169 14 11 -1 -1 -1 -1 
212 107 316 184 19 13 -1 -1 -1 -1 
212 121 427 268 39 54 -1 -1 -1 -1 
213 95 348 169 14 11 -1 -1 -1 -1 
213 107 303 191 21 14 -1 -1 -1 -1 
213 121 427 268 39 54 -1 -1 -1 -1 
214 107 303 191 21 14 -1 -1 -1 -1 
217 107 329 177 15 15 -1 -1 -1 -1 
218 107 323 180 18 14 -1 -1 -1 -1 
219 107 317 181 20 16 -1 -1 -1 -1 
221 107 306 186 20 18 -1 -1 -1 -1 
251 160 422 207 19 20 -1 -1 -1 -1 
253 160 423 212 20 22 -1 -1 -1 -1 
254 160 423 215 20 22 -1 -1 -1 -1 
255 160 424 218 19 22 -1 -1 -1 -1 
256 160 423 222 22 23 -1 -1 -1 -1 
257 160 423 224 23 27 -1 -1 -1 -1 
258 160 422 228 26 28 -1 -1 -1 -1 
259 160 422 231 26 30 -1 -1 -1 -1 
260 160 423 235 27 31 -1 -1 -1 -1 
261 160 424 241 28 33 -1 -1 -1 -1 
262 160 424 241 29 37 -1 -1 -1 -1 
263 160 424 247 30 40 -1 -1 -1 -1 
264 160 424 253 33 42 -1 -1 -1 -1 
265 160 423 260 36 44 -1 -1 -1 -1 
266 160 423 270 39 45 -1 -1 -1 -1 
267 160 424 278 40 48 -1 -1 -1 -1 
271 162 431 324 53 78 -1 -1 -1 -1 
271 163 350 193 23 21 -1 -1 -1 -1 
272 162 433 337 57 86 -1 -1 -1 -1 
272 163 343 195 27 23 -1 -1 -1 -1 
273 162 434 363 66 106 -1 -1 -1 -1 
273 163 331 201 31 26 -1 -1 -1 -1 
274 162 437 399 72 80 -1 -1 -1 -1 
274 163 331 201 31 26 -1 -1 -1 -1 
275 162 437 399 72 80 -1 -1 -1 -1 
283 174 370 181 16 16 -1 -1 -1 -1 
284 174 367 183 17 17 -1 -1 -1 -1 
285 174 363 186 19 17 -1 -1 -1 -1 
286 174 361 186 19 19 -1 -1 -1 -1 
287 174 354 190 21 21 -1 -1 -1 -1 
288 174 348 195 25 22 -1 -1 -1 -1 
289 174 341 199 28 24 -1 -1 -1 -1 
290 174 332 203 32 28 -1 -1 -1 -1 
291 163 339 199 21 17 -1 -1 -1 -1 
291 174 332 203 32 28 -1 -1 -1 -1 
292 163 330 198 24 24 -1 -1 -1 -1 
293 163 330 198 24 24 -1 -1 -1 -1 
308 203 363 191 21 16 -1 -1 -1 -1 
309 203 360 193 20 18 -1 -1 -1 -1 
310 203 355 195 24 22 -1 -1 -1 -1 
311 203 349 202 22 20 -1 -1 -1 -1 
312 203 342 206 27 22 -1 -1 -1 -1 
313 203 333 209 29 27 -1 -1 -1 -1 
314 203 318 217 37 34 -1 -1 -1 -1 
315 203 302 225 47 40 -1 -1 -1 -1 
316 203 302 225 47 40 -1 -1 -1 -1 
318 163 373 188 17 14 -1 -1 -1 -1 
319 163 370 189 19 17 -1 -1 -1 -1 
320 163 368 190 19 17 -1 -1 -1 -1 
321 163 364 193 20 18 -1 -1 -1 -1 
322 163 361 194 21 21 -1 -1 -1 -1 
323 163 357 195 24 23 -1 -1 -1 -1 
324 163 349 201 28 24 -1 -1 -1 -1 
325 163 343 204 28 28 -1 -1 -1 -1 
326 163 333 209 33 32 -1 -1 -1 -1 
327 163 323 217 36 35 -1 -1 -1 -1 
335 212 363 193 18 16 -1 -1 -1 -1 
336 212 358 195 20 18 -1 -1 -1 -1 
337 212 351 200 22 17 -1 -1 -1 -1 
338 212 346 202 23 21 -1 -1 -1 -1 
339 212 337 207 27 21 -1 -1 -1 -1 
340 212 330 209 29 25 -1 -1 -1 -1 
341 212 316 218 32 27 -1 -1 -1 -1 
342 212 304 221 38 35 -1 -1 -1 -1 
343 212 283 229 50 46 -1 -1 -1 -1 
344 212 283 229 50 46 -1 -1 -1 -1 
405 234 293 189 21 19 -1 -1 -1 -1 
406 234 287 194 21 18 -1 -1 -1 -1 
407 234 287 194 21 18 -1 -1 -1 -1 
408 234 269 200 27 20 -1 -1 -1 -1 
409 234 262 203 28 19 -1 -1 -1 -1 
409 236 423 207 17 15 -1 -1 -1 -1 
410 234 251 208 29 20 -1 -1 -1 -1 
410 236 424 208 17 15 -1 -1 -1 -1 
411 234 239 212 32 20 -1 -1 -1 -1 
411 236 425 209 16 16 -1 -1 -1 -1 
412 234 224 217 36 24 -1 -1 -1 -1 
412 236 424 209 17 19 -1 -1 -1 -1 
413 234 211 226 36 21 -1 -1 -1 -1 
413 236 425 208 17 22 -1 -1 -1 -1 
414 234 211 226 36 21 -1 -1 -1 -1 
414 236 425 208 18 25 -1 -1 -1 -1 
415 236 425 210 19 25 -1 -1 -1 -1 
416 236 425 216 20 23 -1 -1 -1 -1 
416 239 277 190 19 20 -1 -1 -1 -1 
417 236 425 218 21 24 -1 -1 -1 -1 
417 239 267 197 22 16 -1 -1 -1 -1 
418 234 257 199 26 19 -1 -1 -1 -1 
418 236 425 219 20 26 -1 -1 -1 -1 
419 234 247 202 27 22 -1 -1 -1 -1 
419 236 425 224 22 26 -1 -1 -1 -1 
420 234 235 207 30 22 -1 -1 -1 -1 
420 236 424 226 24 27 -1 -1 -1 -1 
421 234 224 211 30 24 -1 -1 -1 -1 
421 236 425 228 23 29 -1 -1 -1 -1 
422 234 210 216 32 26 -1 -1 -1 -1 
422 236 425 233 24 30 -1 -1 -1 -1 
423 234 210 216 32 26 -1 -1 -1 -1 
423 236 426 238 25 30 -1 -1 -1 -1 
424 236 426 241 26 34 -1 -1 -1 -1 
425 236 426 246 28 36 -1 -1 -1 -1 
426 236 427 252 30 37 -1 -1 -1 -1 
427 236 428 257 31 42 -1 -1 -1 -1 
428 236 429 264 34 47 -1 -1 -1 -1 
429 236 427 272 38 52 -1 -1 -1 -1 
430 236 428 285 42 57 -1 -1 -1 -1 
431 236 430 294 43 63 -1 -1 -1 -1 
435 260 435 362 61 102 -1 -1 -1 -1 
439 239 327 180 17 13 -1 -1 -1 -1 
451 261 235 210 30 22 -1 -1 -1 -1 
452 261 222 217 33 24 -1 -1 -1 -1 
453 261 208 222 36 25 -1 -1 -1 -1 
454 261 191 230 40 26 -1 -1 -1 -1 
455 261 171 237 44 27 -1 -1 -1 -1 
456 261 155 244 48 28 -1 -1 -1 -1 
475 266 364 186 18 15 -1 -1 -1 -1 
476 266 361 188 18 15 -1 -1 -1 -1 
477 266 359 191 17 15 -1 -1 -1 -1 
478 266 359 191 17 15 -1 -1 -1 -1 
479 266 350 195 21 18 -1 -1 -1 -1 
480 266 344 196 25 21 -1 -1 -1 -1 
481 266 337 200 27 24 -1 -1 -1 -1 
482 266 329 204 31 27 -1 -1 -1 -1 
483 266 322 207 33 29 -1 -1 -1 -1 
484 266 307 212 42 37 -1 -1 -1 -1 
512 284 0 276 54 52 -1 -1 -1 -1 
513 284 0 276 54 52 -1 -1 -1 -1 
586 292 432 198 24 17 -1 -1 -1 -1 
587 292 430 198 26 18 -1 -1 -1 -1 
588 292 428 198 25 19 -1 -1 -1 -1 
589 292 428 199 23 19 -1 -1 -1 -1 
590 292 426 200 23 17 -1 -1 -1 -1 
591 292 426 200 22 18 -1 -1 -1 -1 
592 292 426 202 20 17 -1 -1 -1 -1 
593 292 426 203 20 18 -1 -1 -1 -1 
594 292 425 203 20 19 -1 -1 -1 -1 
595 292 425 203 19 20 -1 -1 -1 -1 
596 292 425 206 18 17 -1 -1 -1 -1 
597 292 425 206 18 19 -1 -1 -1 -1 
598 292 425 206 18 20 -1 -1 -1 -1 
599 292 425 207 17 21 -1 -1 -1 -1 
600 292 425 210 18 19 -1 -1 -1 -1 
601 292 425 213 20 18 -1 -1 -1 -1 
602 292 424 213 22 19 -1 -1 -1 -1 
603 292 425 212 22 21 -1 -1 -1 -1 
604 292 425 214 23 21 -1 -1 -1 -1 
605 292 425 215 23 23 -1 -1 -1 -1 
606 292 424 218 26 21 -1 -1 -1 -1 
610 292 427 225 24 24 -1 -1 -1 -1 
611 292 427 226 26 26 -1 -1 -1 -1 
612 292 426 228 27 25 -1 -1 -1 -1 
613 292 427 230 26 28 -1 -1 -1 -1 
614 292 427 235 27 27 -1 -1 -1 -1 
615 292 427 238 29 28 -1 -1 -1 -1 
615 296 220 215 31 24 -1 -1 -1 -1 
616 292 427 241 30 26 -1 -1 -1 -1 
616 296 208 218 34 27 -1 -1 -1 -1 
617 292 427 242 31 31 -1 -1 -1 -1 
617 296 193 226 35 27 -1 -1 -1 -1 
618 292 428 244 31 32 -1 -1 -1 -1 
618 296 170 234 42 30 -1 -1 -1 -1 
619 292 429 249 32 33 -1 -1 -1 -1 
619 296 150 243 44 30 -1 -1 -1 -1 
620 292 430 253 32 33 -1 -1 -1 -1 
620 296 119 254 52 34 -1 -1 -1 -1 
621 292 429 254 35 36 -1 -1 -1 -1 
621 296 96 265 55 37 -1 -1 -1 -1 
622 292 430 258 35 39 -1 -1 -1 -1 
622 296 96 265 55 37 -1 -1 -1 -1 
623 292 431 261 34 42 -1 -1 -1 -1 
623 297 362 192 16 15 -1 -1 -1 -1 
624 292 431 271 37 39 -1 -1 -1 -1 
624 297 358 192 18 18 -1 -1 -1 -1 
625 292 431 274 38 42 -1 -1 -1 -1 
625 297 353 194 20 20 -1 -1 -1 -1 
626 292 432 281 39 43 -1 -1 -1 -1 
626 297 347 198 23 22 -1 -1 -1 -1 
627 292 432 286 43 47 -1 -1 -1 -1 
627 297 339 202 25 24 -1 -1 -1 -1 
628 292 434 292 44 49 -1 -1 -1 -1 
628 297 332 208 27 25 -1 -1 -1 -1 
629 292 434 302 47 50 -1 -1 -1 -1 
629 297 319 213 35 31 -1 -1 -1 -1 
630 292 435 310 48 51 -1 -1 -1 -1 
630 297 304 221 39 39 -1 -1 -1 -1 
631 292 435 315 51 60 -1 -1 -1 -1 
631 297 304 221 39 39 -1 -1 -1 -1 
632 292 437 326 53 65 -1 -1 -1 -1 
633 292 437 338 59 66 -1 -1 -1 -1 
634 292 439 347 60 75 -1 -1 -1 -1 
635 292 439 357 65 80 -1 -1 -1 -1 
636 292 442 370 66 86 -1 -1 -1 -1 
637 292 443 386 69 92 -1 -1 -1 -1 
637 310 420 206 17 17 -1 -1 -1 -1 
638 292 443 386 69 92 -1 -1 -1 -1 
639 310 421 212 19 17 -1 -1 -1 -1 
640 310 420 212 20 20 -1 -1 -1 -1 
641 310 420 210 21 24 -1 -1 -1 -1 
641 313 348 171 11 10 -1 -1 -1 -1 
642 310 420 212 21 24 -1 -1 -1 -1 
642 313 346 172 12 10 -1 -1 -1 -1 
642 314 367 187 16 14 -1 -1 -1 -1 
643 310 421 217 20 22 -1 -1 -1 -1 
643 313 346 172 12 10 -1 -1 -1 -1 
643 314 362 189 18 15 -1 -1 -1 -1 
643 315 416 198 19 13 -1 -1 -1 -1 
644 310 421 220 21 25 -1 -1 -1 -1 
644 313 338 174 15 12 -1 -1 -1 -1 
644 314 358 191 20 18 -1 -1 -1 -1 
644 315 419 200 17 13 -1 -1 -1 -1 
644 316 272 194 23 18 -1 -1 -1 -1 
645 310 423 222 21 24 -1 -1 -1 -1 
645 313 337 175 14 13 -1 -1 -1 -1 
645 314 353 193 22 20 -1 -1 -1 -1 
645 315 420 200 17 14 -1 -1 -1 -1 
645 316 262 196 25 21 -1 -1 -1 -1 
646 310 422 224 24 28 -1 -1 -1 -1 
646 313 335 178 14 12 -1 -1 -1 -1 
646 314 346 197 26 21 -1 -1 -1 -1 
646 315 420 200 18 16 -1 -1 -1 -1 
646 316 248 201 29 23 -1 -1 -1 -1 
647 310 423 227 23 29 -1 -1 -1 -1 
647 313 331 179 15 12 -1 -1 -1 -1 
647 314 339 201 28 23 -1 -1 -1 -1 
647 315 421 201 18 17 -1 -1 -1 -1 
647 316 236 206 31 23 -1 -1 -1 -1 
648 310 424 231 23 30 -1 -1 -1 -1 
648 313 326 180 16 15 -1 -1 -1 -1 
648 314 329 206 31 26 -1 -1 -1 -1 
648 315 421 203 19 17 -1 -1 -1 -1 
648 316 217 213 35 25 -1 -1 -1 -1 
649 310 424 234 24 30 -1 -1 -1 -1 
649 313 322 181 18 15 -1 -1 -1 -1 
649 314 317 210 36 33 -1 -1 -1 -1 
649 315 421 205 19 17 -1 -1 -1 -1 
649 316 201 218 37 29 -1 -1 -1 -1 
650 310 424 238 26 31 -1 -1 -1 -1 
650 313 319 185 18 14 -1 -1 -1 -1 
650 314 295 218 47 43 -1 -1 -1 -1 
650 315 422 207 18 17 -1 -1 -1 -1 
650 316 174 228 45 33 -1 -1 -1 -1 
651 310 425 242 27 33 -1 -1 -1 -1 
651 313 313 185 20 16 -1 -1 -1 -1 
651 314 295 218 47 43 -1 -1 -1 -1 
651 315 422 209 18 17 -1 -1 -1 -1 
651 316 150 236 49 36 -1 -1 -1 -1 
652 310 425 247 28 34 -1 -1 -1 -1 
652 313 306 187 23 17 -1 -1 -1 -1 
652 315 421 209 21 20 -1 -1 -1 -1 
652 316 150 236 49 36 -1 -1 -1 -1 
653 310 425 251 30 37 -1 -1 -1 -1 
653 313 303 190 21 17 -1 -1 -1 -1 
653 315 423 211 19 20 -1 -1 -1 -1 
654 310 425 256 32 39 -1 -1 -1 -1 
654 313 295 194 23 17 -1 -1 -1 -1 
654 315 423 213 22 21 -1 -1 -1 -1 
655 310 424 260 33 43 -1 -1 -1 -1 
655 313 289 196 24 16 -1 -1 -1 -1 
655 315 423 215 22 23 -1 -1 -1 -1 
656 310 427 264 32 46 -1 -1 -1 -1 
656 313 284 199 23 16 -1 -1 -1 -1 
656 315 424 216 22 24 -1 -1 -1 -1 
657 310 427 264 32 46 -1 -1 -1 -1 
657 313 284 199 23 16 -1 -1 -1 -1 
658 310 424 277 39 51 -1 -1 -1 -1 
658 315 424 222 23 23 -1 -1 -1 -1 
659 310 426 282 39 56 -1 -1 -1 -1 
659 315 424 225 24 24 -1 -1 -1 -1 
660 310 426 282 39 56 -1 -1 -1 -1 
661 310 423 300 48 65 -1 -1 -1 -1 
661 315 425 229 26 27 -1 -1 -1 -1 
662 310 426 310 48 70 -1 -1 -1 -1 
662 315 426 233 26 28 -1 -1 -1 -1 
663 310 425 316 51 76 -1 -1 -1 -1 
663 315 426 235 25 28 -1 -1 -1 -1 
664 310 425 316 51 76 -1 -1 -1 -1 
665 310 429 345 56 88 -1 -1 -1 -1 
665 315 426 239 28 33 -1 -1 -1 -1 
666 310 429 361 61 97 -1 -1 -1 -1 
666 315 426 243 30 33 -1 -1 -1 -1 
667 310 431 373 64 104 -1 -1 -1 -1 
667 315 426 247 31 33 -1 -1 -1 -1 
668 310 431 394 69 83 -1 -1 -1 -1 
668 315 427 251 31 36 -1 -1 -1 -1 
669 310 431 394 69 83 -1 -1 -1 -1 
670 315 428 259 34 39 -1 -1 -1 -1 
671 315 427 262 37 42 -1 -1 -1 -1 
672 315 429 267 37 44 -1 -1 -1 -1 
676 315 431 286 45 53 -1 -1 -1 -1 
677 315 433 292 46 58 -1 -1 -1 -1 
678 315 433 300 49 61 -1 -1 -1 -1 
679 315 433 306 51 63 -1 -1 -1 -1 
680 315 434 315 55 69 -1 -1 -1 -1 
681 315 436 324 57 76 -1 -1 -1 -1 
682 315 437 331 60 80 -1 -1 -1 -1 
683 315 439 343 64 87 -1 -1 -1 -1 
684 315 440 350 67 94 -1 -1 -1 -1 
685 315 443 366 71 98 -1 -1 -1 -1 
686 315 446 379 76 99 -1 -1 -1 -1 
687 315 448 392 80 87 -1 -1 -1 -1 
688 315 453 409 82 70 -1 -1 -1 -1 
720 344 424 191 16 17 -1 -1 -1 -1 
721 344 424 191 17 19 -1 -1 -1 -1 
722 344 425 191 16 20 -1 -1 -1 -1 
723 344 425 191 18 21 -1 -1 -1 -1 
724 344 426 194 18 19 -1 -1 -1 -1 
725 344 426 195 18 18 -1 -1 -1 -1 
726 344 426 197 19 20 -1 -1 -1 -1 
727 344 426 200 19 19 -1 -1 -1 -1 
728 344 426 200 20 19 -1 -1 -1 -1 
729 344 427 204 18 19 -1 -1 -1 -1 
730 344 427 206 19 18 -1 -1 -1 -1 
731 344 427 206 20 20 -1 -1 -1 -1 
732 344 427 206 20 23 -1 -1 -1 -1 
733 344 427 209 21 21 -1 -1 -1 -1 
734 344 428 211 21 22 -1 -1 -1 -1 
735 344 429 212 21 24 -1 -1 -1 -1 
736 344 428 214 22 25 -1 -1 -1 -1 
737 344 429 216 21 26 -1 -1 -1 -1 
738 344 428 218 24 27 -1 -1 -1 -1 
739 344 429 221 24 28 -1 -1 -1 -1 
740 344 429 224 25 28 -1 -1 -1 -1 
741 344 430 228 26 28 -1 -1 -1 -1 
741 345 295 185 19 17 -1 -1 -1 -1 
742 344 430 231 27 30 -1 -1 -1 -1 
742 345 287 190 19 16 -1 -1 -1 -1 
742 346 314 174 20 17 -1 -1 -1 -1 
743 344 430 235 28 31 -1 -1 -1 -1 
743 345 276 193 23 18 -1 -1 -1 -1 
743 346 309 179 19 14 -1 -1 -1 -1 
744 344 431 238 28 35 -1 -1 -1 -1 
744 345 265 195 26 22 -1 -1 -1 -1 
744 346 303 178 21 17 -1 -1 -1 -1 
745 344 433 243 28 35 -1 -1 -1 -1 
745 345 254 200 28 22 -1 -1 -1 -1 
745 346 295 184 23 17 -1 -1 -1 -1 
746 344 431 247 33 38 -1 -1 -1 -1 
746 345 240 206 28 23 -1 -1 -1 -1 
746 346 287 187 27 18 -1 -1 -1 -1 
747 344 431 247 33 38 -1 -1 -1 -1 
747 345 223 212 33 25 -1 -1 -1 -1 
748 345 200 220 41 29 -1 -1 -1 -1 
748 346 268 192 27 21 -1 -1 -1 -1 
749 345 177 228 43 33 -1 -1 -1 -1 
749 346 256 198 27 20 -1 -1 -1 -1 
750 345 155 236 48 38 -1 -1 -1 -1 
750 346 245 203 30 22 -1 -1 -1 -1 
751 345 155 236 48 38 -1 -1 -1 -1 
751 346 223 208 36 26 -1 -1 -1 -1 
752 346 208 215 40 26 -1 -1 -1 -1 
753 346 185 225 44 27 -1 -1 -1 -1 
758 353 449 352 63 106 -1 -1 -1 -1 
759 353 451 367 65 110 -1 -1 -1 -1 
760 353 454 389 69 88 -1 -1 -1 -1 
761 353 458 416 70 61 -1 -1 -1 -1 
762 353 465 445 67 33 -1 -1 -1 -1 
763 353 465 445 67 33 -1 -1 -1 -1 
813 370 343 183 26 34 -1 -1 -1 -1 
814 370 337 181 30 42 -1 -1 -1 -1 
815 370 325 188 36 44 -1 -1 -1 -1 
816 370 308 194 41 50 -1 -1 -1 -1 
817 370 308 194 41 50 -1 -1 -1 -1 
832 376 361 192 16 15 -1 -1 -1 -1 
833 376 358 195 17 14 -1 -1 -1 -1 
834 376 352 197 20 17 -1 -1 -1 -1 
835 376 347 199 21 20 -1 -1 -1 -1 
836 376 342 201 23 23 -1 -1 -1 -1 
837 376 333 205 28 26 -1 -1 -1 -1 
838 376 322 211 31 28 -1 -1 -1 -1 
839 376 315 215 34 32 -1 -1 -1 -1 
840 376 298 224 40 38 -1 -1 -1 -1 
840 378 372 183 14 12 -1 -1 -1 -1 
841 376 277 229 53 55 -1 -1 -1 -1 
841 378 369 184 15 14 -1 -1 -1 -1 
842 376 277 229 53 55 -1 -1 -1 -1 
842 378 366 187 18 14 -1 -1 -1 -1 
842 379 187 210 37 27 -1 -1 -1 -1 
843 378 364 189 18 13 -1 -1 -1 -1 
843 379 175 213 38 33 -1 -1 -1 -1 
844 378 381 180 12 11 -1 -1 -1 -1 
844 379 159 221 41 30 -1 -1 -1 -1 
845 378 380 181 13 11 -1 -1 -1 -1 
845 379 143 226 46 32 -1 -1 -1 -1 
846 378 380 181 13 11 -1 -1 -1 -1 
846 379 123 232 51 35 -1 -1 -1 -1 
846 384 351 196 22 18 -1 -1 -1 -1 
847 379 101 240 52 40 -1 -1 -1 -1 
847 384 345 198 26 21 -1 -1 -1 -1 
848 378 371 189 16 13 -1 -1 -1 -1 
848 379 77 250 55 40 -1 -1 -1 -1 
848 384 337 202 27 23 -1 -1 -1 -1 
849 378 368 191 17 14 -1 -1 -1 -1 
849 379 48 259 59 45 -1 -1 -1 -1 
849 384 329 207 29 26 -1 -1 -1 -1 
850 378 363 192 19 17 -1 -1 -1 -1 
850 379 48 259 59 45 -1 -1 -1 -1 
850 384 313 212 39 34 -1 -1 -1 -1 
851 378 360 194 19 19 -1 -1 -1 -1 
851 384 300 217 44 40 -1 -1 -1 -1 
852 378 353 196 23 21 -1 -1 -1 -1 
852 384 278 225 55 52 -1 -1 -1 -1 
853 378 344 203 25 23 -1 -1 -1 -1 
853 384 278 225 55 52 -1 -1 -1 -1 
854 378 337 206 28 25 -1 -1 -1 -1 
855 378 337 206 28 25 -1 -1 -1 -1 
864 378 291 184 23 17 -1 -1 -1 -1 
865 378 288 184 24 19 -1 -1 -1 -1 
866 378 280 188 26 18 -1 -1 -1 -1 
867 378 273 190 27 19 -1 -1 -1 -1 
868 378 266 192 27 21 -1 -1 -1 -1 
869 378 260 193 27 21 -1 -1 -1 -1 
870 378 247 197 36 24 -1 -1 -1 -1 
871 378 239 201 35 24 -1 -1 -1 -1 
871 410 280 195 28 20 -1 -1 -1 -1 
872 378 230 204 33 26 -1 -1 -1 -1 
872 410 270 199 29 21 -1 -1 -1 -1 
873 378 216 207 38 29 -1 -1 -1 -1 
874 378 201 215 41 29 -1 -1 -1 -1 
875 378 193 219 38 31 -1 -1 -1 -1 
876 378 175 222 48 38 -1 -1 -1 -1 
877 378 156 232 46 35 -1 -1 -1 -1 
878 378 132 238 57 40 -1 -1 -1 -1 
879 378 114 245 60 45 -1 -1 -1 -1 
880 378 86 252 65 52 -1 -1 -1 -1 
880 413 229 211 34 26 -1 -1 -1 -1 
881 378 59 266 68 51 -1 -1 -1 -1 
881 413 217 216 35 24 -1 -1 -1 -1 
882 378 24 279 73 58 -1 -1 -1 -1 
882 413 209 222 34 23 -1 -1 -1 -1 
883 378 24 279 73 58 -1 -1 -1 -1 
883 413 199 225 35 25 -1 -1 -1 -1 
884 413 178 232 43 28 -1 -1 -1 -1 
885 413 160 239 46 28 -1 -1 -1 -1 
886 413 142 249 46 29 -1 -1 -1 -1 
887 413 118 258 55 30 -1 -1 -1 -1 
888 413 93 268 59 35 -1 -1 -1 -1 
889 413 65 280 61 33 -1 -1 -1 -1 
889 419 431 223 39 63 -1 -1 -1 -1 
890 413 40 296 62 33 -1 -1 -1 -1 
890 419 432 228 39 61 -1 -1 -1 -1 
891 413 40 296 62 33 -1 -1 -1 -1 
891 419 435 232 41 67 -1 -1 -1 -1 
892 419 435 235 44 67 -1 -1 -1 -1 
893 419 437 240 45 73 -1 -1 -1 -1 
894 419 438 241 48 81 -1 -1 -1 -1 
895 419 437 248 54 83 -1 -1 -1 -1 
896 419 438 253 55 91 -1 -1 -1 -1 
897 419 438 257 61 95 -1 -1 -1 -1 
898 419 442 257 59 107 -1 -1 -1 -1 
899 419 442 264 63 111 -1 -1 -1 -1 
900 419 443 266 68 121 -1 -1 -1 -1 
901 419 447 280 69 123 -1 -1 -1 -1 
902 419 447 283 74 131 -1 -1 -1 -1 
903 419 449 292 78 140 -1 -1 -1 -1 
904 419 454 301 79 151 -1 -1 -1 -1 
905 419 455 310 84 157 -1 -1 -1 -1 
906 419 456 316 90 161 -1 -1 -1 -1 
907 419 460 332 100 144 -1 -1 -1 -1 
912 439 424 209 17 16 -1 -1 -1 -1 
913 439 425 211 17 16 -1 -1 -1 -1 
914 439 425 210 18 21 -1 -1 -1 -1 
915 439 425 212 18 22 -1 -1 -1 -1 
916 439 425 216 20 22 -1 -1 -1 -1 
916 440 233 202 32 26 -1 -1 -1 -1 
917 439 425 219 20 23 -1 -1 -1 -1 
917 440 221 206 34 29 -1 -1 -1 -1 
918 439 425 225 22 23 -1 -1 -1 -1 
918 440 202 217 37 27 -1 -1 -1 -1 
919 439 425 229 22 24 -1 -1 -1 -1 
919 440 183 222 40 32 -1 -1 -1 -1 
920 439 425 233 24 25 -1 -1 -1 -1 
920 440 160 230 45 35 -1 -1 -1 -1 
921 439 426 237 24 25 -1 -1 -1 -1 
921 440 141 243 47 32 -1 -1 -1 -1 
922 439 427 241 25 28 -1 -1 -1 -1 
922 440 112 254 55 38 -1 -1 -1 -1 
923 439 427 245 25 30 -1 -1 -1 -1 
923 440 77 265 60 43 -1 -1 -1 -1 
924 439 428 252 27 31 -1 -1 -1 -1 
924 440 38 279 67 50 -1 -1 -1 -1 
925 439 428 258 29 35 -1 -1 -1 -1 
925 440 0 297 64 52 -1 -1 -1 -1 
926 439 428 263 32 41 -1 -1 -1 -1 
926 440 0 297 64 52 -1 -1 -1 -1 
927 439 428 271 36 45 -1 -1 -1 -1 
928 439 430 280 37 46 -1 -1 -1 -1 
929 439 430 287 40 54 -1 -1 -1 -1 
930 439 431 296 42 55 -1 -1 -1 -1 
931 439 431 306 46 62 -1 -1 -1 -1 
932 439 432 314 48 69 -1 -1 -1 -1 
934 439 434 343 54 80 -1 -1 -1 -1 
935 439 434 356 60 90 -1 -1 -1 -1 
936 439 435 371 63 93 -1 -1 -1 -1 
937 439 442 387 59 90 -1 -1 -1 -1 
938 439 439 407 65 70 -1 -1 -1 -1 
939 439 438 418 69 61 -1 -1 -1 -1 
949 451 323 179 19 14 -1 -1 -1 -1 
950 451 322 180 17 15 -1 -1 -1 -1 
951 451 318 181 20 14 -1 -1 -1 -1 
952 451 315 184 22 12 -1 -1 -1 -1 
953 451 312 185 19 14 -1 -1 -1 -1 
954 451 305 187 22 14 -1 -1 -1 -1 
956 451 299 191 23 15 -1 -1 -1 -1 
957 451 292 192 26 16 -1 -1 -1 -1 
958 451 289 195 25 16 -1 -1 -1 -1 
959 451 283 196 25 18 -1 -1 -1 -1 
960 451 283 196 25 18 -1 -1 -1 -1 
961 454 352 197 22 17 -1 -1 -1 -1 
962 454 349 197 23 20 -1 -1 -1 -1 
963 454 341 201 26 22 -1 -1 -1 -1 
964 454 331 204 31 27 -1 -1 -1 -1 
965 439 420 194 16 15 -1 -1 -1 -1 
965 454 321 210 33 31 -1 -1 -1 -1 
966 439 420 195 16 16 -1 -1 -1 -1 
966 454 307 214 43 36 -1 -1 -1 -1 
967 439 421 194 16 18 -1 -1 -1 -1 
967 454 285 222 53 45 -1 -1 -1 -1 
968 439 421 197 17 16 -1 -1 -1 -1 
968 454 285 222 53 45 -1 -1 -1 -1 
969 439 422 200 18 18 -1 -1 -1 -1 
970 439 424 202 17 17 -1 -1 -1 -1 
971 439 425 203 17 17 -1 -1 -1 -1 
972 439 425 206 16 17 -1 -1 -1 -1 
973 439 425 206 19 20 -1 -1 -1 -1 
974 439 426 207 17 21 -1 -1 -1 -1 
975 439 425 208 20 24 -1 -1 -1 -1 
976 439 425 212 20 23 -1 -1 -1 -1 
977 439 425 215 21 23 -1 -1 -1 -1 
978 439 425 219 23 22 -1 -1 -1 -1 
979 439 425 221 24 23 -1 -1 -1 -1 
980 439 427 225 23 24 -1 -1 -1 -1 
981 439 427 226 23 26 -1 -1 -1 -1 
982 439 427 229 24 27 -1 -1 -1 -1 
983 439 427 234 25 28 -1 -1 -1 -1 
984 439 428 239 24 27 -1 -1 -1 -1 
985 439 427 241 27 33 -1 -1 -1 -1 
986 439 426 244 29 33 -1 -1 -1 -1 
987 439 427 248 30 38 -1 -1 -1 -1 
988 439 427 257 31 36 -1 -1 -1 -1 
989 439 426 257 33 42 -1 -1 -1 -1 
991 439 426 273 35 43 -1 -1 -1 -1 
992 439 427 281 37 47 -1 -1 -1 -1 
993 439 425 288 40 52 -1 -1 -1 -1 
1002 465 429 384 66 94 -1 -1 -1 -1 
1014 470 471 346 20 51 -1 -1 -1 -1 
1015 470 475 362 22 60 -1 -1 -1 -1 
1016 470 479 380 22 58 -1 -1 -1 -1 
1017 470 482 401 27 65 -1 -1 -1 -1 
1018 470 488 424 26 55 -1 -1 -1 -1 
1019 470 496 447 24 31 -1 -1 -1 -1 
1019 473 317 181 18 17 -1 -1 -1 -1 
1020 470 496 447 24 31 -1 -1 -1 -1 
1020 473 311 183 20 18 -1 -1 -1 -1 
1021 473 306 187 21 17 -1 -1 -1 -1 
1022 473 299 189 24 18 -1 -1 -1 -1 
1024 473 288 195 20 18 -1 -1 -1 -1 
1025 473 279 200 23 17 -1 -1 -1 -1 
1026 473 273 202 24 18 -1 -1 -1 -1 
1027 473 263 205 26 18 -1 -1 -1 -1 
1028 473 254 208 25 21 -1 -1 -1 -1 
1029 473 239 214 32 20 -1 -1 -1 -1 
1030 473 229 217 32 23 -1 -1 -1 -1 
1031 473 215 224 32 22 -1 -1 -1 -1 
1032 473 194 231 38 24 -1 -1 -1 -1 
1033 473 180 237 41 25 -1 -1 -1 -1 
1034 473 158 247 44 24 -1 -1 -1 -1 
1035 473 139 255 44 24 -1 -1 -1 -1 
1036 473 139 255 44 24 -1 -1 -1 -1 
1040 482 423 199 17 13 -1 -1 -1 -1 
1041 482 424 200 17 14 -1 -1 -1 -1 
1042 482 424 202 17 15 -1 -1 -1 -1 
1045 482 425 207 18 16 -1 -1 -1 -1 
1046 482 426 208 19 17 -1 -1 -1 -1 
1047 482 426 210 19 18 -1 -1 -1 -1 
1048 482 427 211 20 20 -1 -1 -1 -1 
1049 482 428 215 19 20 -1 -1 -1 -1 
1050 482 427 216 22 22 -1 -1 -1 -1 
1051 482 428 220 22 22 -1 -1 -1 -1 
1052 482 427 224 24 22 -1 -1 -1 -1 
1053 482 428 226 23 24 -1 -1 -1 -1 
1054 482 428 229 25 25 -1 -1 -1 -1 
1055 482 429 234 27 26 -1 -1 -1 -1 
1056 482 429 239 29 28 -1 -1 -1 -1 
1057 482 429 241 30 29 -1 -1 -1 -1 
1058 482 430 247 30 31 -1 -1 -1 -1 
1059 482 431 250 31 35 -1 -1 -1 -1 
1060 482 431 257 33 36 -1 -1 -1 -1 
1061 482 431 261 35 41 -1 -1 -1 -1 
1062 482 433 268 35 43 -1 -1 -1 -1 
1063 482 433 277 37 45 -1 -1 -1 -1 
1064 482 433 283 40 48 -1 -1 -1 -1 
1065 482 434 290 44 52 -1 -1 -1 -1 
1070 484 436 336 56 82 -1 -1 -1 -1 
1071 484 436 351 61 90 -1 -1 -1 -1 
1072 484 435 370 66 95 -1 -1 -1 -1 
1073 484 436 385 69 93 -1 -1 -1 -1 
1074 484 435 413 69 65 -1 -1 -1 -1 
1075 484 435 413 69 65 -1 -1 -1 -1 
1076 485 415 199 20 14 -1 -1 -1 -1 
1077 485 416 201 20 15 -1 -1 -1 -1 
1078 485 417 203 19 15 -1 -1 -1 -1 
1079 485 418 205 18 15 -1 -1 -1 -1 
1080 485 419 206 18 17 -1 -1 -1 -1 
1081 485 420 209 18 15 -1 -1 -1 -1 
1081 487 364 190 15 17 -1 -1 -1 -1 
1082 485 421 209 17 18 -1 -1 -1 -1 
1082 487 361 193 16 16 -1 -1 -1 -1 
1083 485 421 212 18 18 -1 -1 -1 -1 
1083 487 355 195 18 17 -1 -1 -1 -1 
1084 485 421 213 19 22 -1 -1 -1 -1 
1084 487 350 199 20 18 -1 -1 -1 -1 
1085 485 422 215 19 23 -1 -1 -1 -1 
1085 487 343 201 22 21 -1 -1 -1 -1 
1086 485 421 220 20 21 -1 -1 -1 -1 
1086 487 338 204 24 21 -1 -1 -1 -1 
1087 485 422 223 21 22 -1 -1 -1 -1 
1087 487 329 208 27 25 -1 -1 -1 -1 
1088 485 422 225 22 25 -1 -1 -1 -1 
1088 487 320 214 31 27 -1 -1 -1 -1 
1089 485 422 228 23 27 -1 -1 -1 -1 
1089 487 306 219 37 33 -1 -1 -1 -1 
1090 485 422 232 24 29 -1 -1 -1 -1 
1090 487 306 219 37 33 -1 -1 -1 -1 
1091 485 423 234 23 32 -1 -1 -1 -1 
1092 485 423 239 25 31 -1 -1 -1 -1 
1093 485 423 243 26 33 -1 -1 -1 -1 
1094 485 424 250 28 34 -1 -1 -1 -1 
1095 485 423 254 31 39 -1 -1 -1 -1 
1096 485 422 256 35 45 -1 -1 -1 -1 
1097 485 424 266 33 45 -1 -1 -1 -1 
1098 485 424 272 38 52 -1 -1 -1 -1 
1099 485 426 280 40 57 -1 -1 -1 -1 
1100 485 427 289 43 61 -1 -1 -1 -1 
1104 499 431 333 51 87 -1 -1 -1 -1 
1105 499 432 350 56 96 -1 -1 -1 -1 
1106 499 433 369 61 105 -1 -1 -1 -1 
1107 499 432 384 65 93 -1 -1 -1 -1 
1108 499 430 399 72 79 -1 -1 -1 -1 
1174 513 268 196 25 20 -1 -1 -1 -1 
1175 513 258 200 27 22 -1 -1 -1 -1 
1175 514 356 193 19 16 -1 -1 -1 -1 
1176 513 248 204 29 22 -1 -1 -1 -1 
1176 514 350 196 20 19 -1 -1 -1 -1 
1177 513 239 207 30 23 -1 -1 -1 -1 
1177 514 344 198 22 21 -1 -1 -1 -1 
1178 513 221 214 34 23 -1 -1 -1 -1 
1178 514 334 206 25 22 -1 -1 -1 -1 
1179 513 211 218 35 23 -1 -1 -1 -1 
1179 514 322 210 31 26 -1 -1 -1 -1 
1180 513 192 226 40 27 -1 -1 -1 -1 
1180 514 306 216 37 32 -1 -1 -1 -1 
1181 513 171 233 45 31 -1 -1 -1 -1 
1181 514 306 216 37 32 -1 -1 -1 -1 
1182 513 171 233 45 31 -1 -1 -1 -1 
1191 522 423 204 20 19 -1 -1 -1 -1 
1192 522 423 206 22 19 -1 -1 -1 -1 
1193 522 424 207 21 20 -1 -1 -1 -1 
1199 522 426 220 20 21 -1 -1 -1 -1 
1203 522 425 229 24 25 -1 -1 -1 -1 
1207 522 427 237 24 33 -1 -1 -1 -1 
1208 522 426 240 26 35 -1 -1 -1 -1 
1209 522 425 245 28 36 -1 -1 -1 -1 
1210 522 426 248 28 38 -1 -1 -1 -1 
1211 522 426 255 31 40 -1 -1 -1 -1 
1212 522 427 257 31 42 -1 -1 -1 -1 
1213 522 424 262 37 47 -1 -1 -1 -1 
1214 522 424 266 39 50 -1 -1 -1 -1 
1215 522 425 273 40 53 -1 -1 -1 -1 
1218 522 423 294 48 66 -1 -1 -1 -1 
1219 522 422 304 50 73 -1 -1 -1 -1 
1220 522 425 311 50 79 -1 -1 -1 -1 
1221 522 423 322 56 89 -1 -1 -1 -1 
1222 522 421 332 61 96 -1 -1 -1 -1 
1223 522 424 349 61 100 -1 -1 -1 -1 
1224 522 425 366 65 110 -1 -1 -1 -1 
1225 522 424 385 72 93 -1 -1 -1 -1 
1237 527 352 190 19 18 -1 -1 -1 -1 
1238 527 348 194 19 18 -1 -1 -1 -1 
1239 527 343 196 21 20 -1 -1 -1 -1 
1240 527 331 202 25 22 -1 -1 -1 -1 
1241 527 321 207 27 25 -1 -1 -1 -1 
1242 527 304 213 35 31 -1 -1 -1 -1 
1243 527 281 223 45 36 -1 -1 -1 -1 
1244 527 259 227 56 49 -1 -1 -1 -1 
1244 529 430 188 21 14 -1 -1 -1 -1 
1245 527 259 227 56 49 -1 -1 -1 -1 
1261 538 365 188 17 14 -1 -1 -1 -1 
1262 538 362 189 15 16 -1 -1 -1 -1 
1262 539 420 198 17 15 -1 -1 -1 -1 
1263 538 357 191 18 17 -1 -1 -1 -1 
1263 539 421 199 17 16 -1 -1 -1 -1 
1264 538 351 195 20 18 -1 -1 -1 -1 
1264 539 422 202 17 15 -1 -1 -1 -1 
1265 538 344 198 23 19 -1 -1 -1 -1 
1265 539 423 204 17 16 -1 -1 -1 -1 
1266 538 334 202 27 24 -1 -1 -1 -1 
1266 539 423 206 17 17 -1 -1 -1 -1 
1267 538 327 208 27 24 -1 -1 -1 -1 
1267 539 424 209 16 14 -1 -1 -1 -1 
1268 538 327 208 27 24 -1 -1 -1 -1 
1268 539 425 209 17 18 -1 -1 -1 -1 
1269 539 425 211 18 19 -1 -1 -1 -1 
1270 539 425 214 21 18 -1 -1 -1 -1 
1271 539 426 215 20 20 -1 -1 -1 -1 
1272 539 426 217 21 22 -1 -1 -1 -1 
1273 539 426 219 22 21 -1 -1 -1 -1 
1274 539 427 223 21 21 -1 -1 -1 -1 
1275 539 427 224 22 23 -1 -1 -1 -1 
1276 539 428 226 21 24 -1 -1 -1 -1 
1277 538 363 190 18 18 -1 -1 -1 -1 
1277 539 427 228 24 26 -1 -1 -1 -1 
1278 538 359 192 20 20 -1 -1 -1 -1 
1278 539 428 232 24 27 -1 -1 -1 -1 
1279 538 350 195 27 23 -1 -1 -1 -1 
1279 539 428 235 24 26 -1 -1 -1 -1 
1280 538 348 198 23 22 -1 -1 -1 -1 
1280 539 429 237 23 27 -1 -1 -1 -1 
1281 538 337 204 27 25 -1 -1 -1 -1 
1281 539 429 239 25 28 -1 -1 -1 -1 
1282 538 325 210 32 30 -1 -1 -1 -1 
1282 539 429 240 26 30 -1 -1 -1 -1 
1283 538 325 210 32 30 -1 -1 -1 -1 
1283 539 429 242 28 31 -1 -1 -1 -1 
1284 539 429 245 29 32 -1 -1 -1 -1 
1285 539 430 248 28 33 -1 -1 -1 -1 
1286 539 430 250 29 34 -1 -1 -1 -1 
1287 539 430 253 30 34 -1 -1 -1 -1 
1288 539 430 256 31 36 -1 -1 -1 -1 
1289 539 431 259 31 36 -1 -1 -1 -1 
1290 539 432 261 31 39 -1 -1 -1 -1 
1291 539 432 265 32 40 -1 -1 -1 -1 
1292 539 432 269 33 40 -1 -1 -1 -1 
1293 539 431 273 35 42 -1 -1 -1 -1 
1294 539 432 278 35 45 -1 -1 -1 -1 
1295 539 433 281 36 48 -1 -1 -1 -1 
1296 539 433 286 38 48 -1 -1 -1 -1 
1297 539 434 293 39 52 -1 -1 -1 -1 
1298 539 433 298 42 54 -1 -1 -1 -1 
1299 539 433 303 45 59 -1 -1 -1 -1 
1300 539 434 311 45 58 -1 -1 -1 -1 
1301 539 434 317 48 63 -1 -1 -1 -1 
1302 539 436 325 49 65 -1 -1 -1 -1 
1303 538 368 189 16 12 -1 -1 -1 -1 
1303 539 436 335 52 72 -1 -1 -1 -1 
1304 538 364 191 21 14 -1 -1 -1 -1 
1304 539 437 345 54 77 -1 -1 -1 -1 
1305 538 363 192 17 14 -1 -1 -1 -1 
1305 539 437 353 59 84 -1 -1 -1 -1 
1306 538 359 193 19 17 -1 -1 -1 -1 
1306 539 437 367 63 88 -1 -1 -1 -1 
1307 538 359 193 19 17 -1 -1 -1 -1 
1307 539 441 382 62 92 -1 -1 -1 -1 
1308 539 441 398 71 81 -1 -1 -1 -1 
1309 539 444 416 72 63 -1 -1 -1 -1 
1309 559 337 205 27 23 -1 -1 -1 -1 
1310 539 444 416 72 63 -1 -1 -1 -1 
1311 559 315 217 36 29 -1 -1 -1 -1 
1312 559 296 225 43 39 -1 -1 -1 -1 
1313 559 296 225 43 39 -1 -1 -1 -1 
1327 538 317 176 15 14 -1 -1 -1 -1 
1328 538 313 177 15 14 -1 -1 -1 -1 
1334 538 282 188 22 18 -1 -1 -1 -1 
1335 538 282 188 22 18 -1 -1 -1 -1 
1337 538 261 194 27 23 -1 -1 -1 -1 
1338 538 261 194 27 23 -1 -1 -1 -1 
1339 566 365 189 18 14 -1 -1 -1 -1 
1340 566 362 190 18 18 -1 -1 -1 -1 
1341 566 359 192 20 18 -1 -1 -1 -1 
1342 566 354 194 20 20 -1 -1 -1 -1 
1343 566 349 196 26 22 -1 -1 -1 -1 
1344 566 346 199 26 22 -1 -1 -1 -1 
1345 566 339 203 27 25 -1 -1 -1 -1 
1346 566 332 207 30 26 -1 -1 -1 -1 
1347 566 322 212 34 30 -1 -1 -1 -1 
1348 566 307 217 42 38 -1 -1 -1 -1 
1349 566 290 223 49 47 -1 -1 -1 -1 
1351 538 305 187 19 16 -1 -1 -1 -1 
1352 538 305 187 19 16 -1 -1 -1 -1 
1357 538 265 205 29 16 -1 -1 -1 -1 
1358 538 265 205 29 16 -1 -1 -1 -1 
1379 538 324 175 17 12 -1 -1 -1 -1 
1382 538 316 176 20 15 -1 -1 -1 -1 
1383 538 315 179 17 13 -1 -1 -1 -1 
1387 538 301 186 19 16 -1 -1 -1 -1 
1388 538 295 187 22 17 -1 -1 -1 -1 
1389 538 291 189 23 18 -1 -1 -1 -1 
1390 538 287 192 20 17 -1 -1 -1 -1 
1391 538 282 193 24 20 -1 -1 -1 -1 
1392 538 275 196 22 18 -1 -1 -1 -1 
1393 538 268 198 24 20 -1 -1 -1 -1 
1394 538 261 201 26 22 -1 -1 -1 -1 
1395 538 253 205 28 21 -1 -1 -1 -1 
1396 538 246 208 29 20 -1 -1 -1 -1 
1397 538 232 212 31 24 -1 -1 -1 -1 
1398 538 232 212 31 24 -1 -1 -1 -1 
1403 595 294 186 19 16 -1 -1 -1 -1 
1404 595 287 189 20 16 -1 -1 -1 -1 
1405 595 282 191 23 16 -1 -1 -1 -1 
1406 538 275 192 22 19 -1 -1 -1 -1 
1407 538 267 195 27 19 -1 -1 -1 -1 
1408 538 267 195 27 19 -1 -1 -1 -1 
1409 538 322 172 12 16 -1 -1 -1 -1 
1410 538 319 177 13 14 -1 -1 -1 -1 
1410 599 235 207 32 23 -1 -1 -1 -1 
1411 538 314 176 14 16 -1 -1 -1 -1 
1411 599 226 211 35 25 -1 -1 -1 -1 
1412 538 314 176 14 16 -1 -1 -1 -1 
1413 599 193 225 42 27 -1 -1 -1 -1 
1414 538 293 187 22 18 -1 -1 -1 -1 
1414 599 172 230 49 36 -1 -1 -1 -1 
1415 538 242 196 22 18 -1 -1 -1 -1 
1415 599 140 241 58 46 -1 -1 -1 -1 
1416 538 242 196 22 18 -1 -1 -1 -1 
1417 599 89 262 65 46 -1 -1 -1 -1 
1418 599 89 262 65 46 -1 -1 -1 -1 
1421 538 247 194 25 19 -1 -1 -1 -1 
1422 538 236 197 26 20 -1 -1 -1 -1 
1423 538 236 197 26 20 -1 -1 -1 -1 
1428 615 421 196 16 16 -1 -1 -1 -1 
1429 615 420 198 17 15 -1 -1 -1 -1 
1430 615 423 199 15 17 -1 -1 -1 -1 
1430 618 374 173 19 21 -1 -1 -1 -1 
1431 538 320 173 19 11 -1 -1 -1 -1 
1431 615 423 201 15 18 -1 -1 -1 -1 
1431 618 372 175 19 21 -1 -1 -1 -1 
1432 538 321 174 16 11 -1 -1 -1 -1 
1432 615 423 205 16 17 -1 -1 -1 -1 
1432 618 368 177 20 23 -1 -1 -1 -1 
1433 538 321 174 16 11 -1 -1 -1 -1 
1434 538 317 177 14 11 -1 -1 -1 -1 
1434 615 424 208 17 21 -1 -1 -1 -1 
1435 538 317 177 14 11 -1 -1 -1 -1 
1435 615 425 210 17 22 -1 -1 -1 -1 
1436 615 425 212 18 24 -1 -1 -1 -1 
1437 538 306 182 15 12 -1 -1 -1 -1 
1437 615 426 215 19 25 -1 -1 -1 -1 
1437 624 342 186 31 38 -1 -1 -1 -1 
1438 538 306 182 15 12 -1 -1 -1 -1 
1438 615 425 221 21 24 -1 -1 -1 -1 
1439 538 295 185 18 15 -1 -1 -1 -1 
1439 615 425 224 23 28 -1 -1 -1 -1 
1439 624 309 195 49 54 -1 -1 -1 -1 
1440 538 295 185 18 15 -1 -1 -1 -1 
1440 615 425 228 24 30 -1 -1 -1 -1 
1441 615 425 232 26 31 -1 -1 -1 -1 
1441 624 242 192 113 114 -1 -1 -1 -1 
1442 615 426 239 28 32 -1 -1 -1 -1 
1442 624 242 192 113 114 -1 -1 -1 -1 
1443 615 427 241 28 35 -1 -1 -1 -1 
1444 538 266 193 24 19 -1 -1 -1 -1 
1444 615 428 246 30 39 -1 -1 -1 -1 
1445 538 258 196 26 20 -1 -1 -1 -1 
1445 615 429 254 31 40 -1 -1 -1 -1 
1446 538 252 198 26 21 -1 -1 -1 -1 
1446 615 429 256 33 46 -1 -1 -1 -1 
1447 538 243 202 27 23 -1 -1 -1 -1 
1447 615 429 263 36 51 -1 -1 -1 -1 
1448 538 233 205 29 24 -1 -1 -1 -1 
1448 615 430 271 39 56 -1 -1 -1 -1 
1449 538 220 209 35 27 -1 -1 -1 -1 
1450 538 207 213 37 28 -1 -1 -1 -1 
1451 538 197 219 38 29 -1 -1 -1 -1 
1452 538 179 224 42 31 -1 -1 -1 -1 
1453 538 160 230 46 34 -1 -1 -1 -1 
1453 629 432 327 59 89 -1 -1 -1 -1 
1454 538 140 238 50 37 -1 -1 -1 -1 
1454 629 436 346 60 97 -1 -1 -1 -1 
1455 538 113 246 57 45 -1 -1 -1 -1 
1455 629 437 368 63 108 -1 -1 -1 -1 
1456 538 92 253 58 50 -1 -1 -1 -1 
1456 629 442 384 63 93 -1 -1 -1 -1 
1457 538 60 266 64 52 -1 -1 -1 -1 
1457 629 443 412 64 64 -1 -1 -1 -1 
1458 538 60 266 64 52 -1 -1 -1 -1 
1458 629 443 412 64 64 -1 -1 -1 -1 
1464 635 278 194 22 17 -1 -1 -1 -1 
1465 635 271 196 25 17 -1 -1 -1 -1 
1466 635 259 200 28 20 -1 -1 -1 -1 
1467 635 248 204 29 22 -1 -1 -1 -1 
1468 635 234 210 32 23 -1 -1 -1 -1 
1469 635 221 214 35 24 -1 -1 -1 -1 
1470 635 204 222 38 25 -1 -1 -1 -1 
1471 635 187 229 42 27 -1 -1 -1 -1 
1472 635 161 236 47 33 -1 -1 -1 -1 
1473 635 139 247 52 34 -1 -1 -1 -1 
1474 635 139 247 52 34 -1 -1 -1 -1 
1488 643 367 189 16 16 -1 -1 -1 -1 
1489 643 362 191 19 16 -1 -1 -1 -1 
1490 643 357 193 19 20 -1 -1 -1 -1 
1491 643 349 198 23 22 -1 -1 -1 -1 
1492 643 341 201 26 23 -1 -1 -1 -1 
1493 643 331 207 30 27 -1 -1 -1 -1 
1494 643 320 211 36 31 -1 -1 -1 -1 
1495 643 320 211 36 31 -1 -1 -1 -1 
1508 649 361 190 17 17 -1 -1 -1 -1 
1509 649 358 190 18 20 -1 -1 -1 -1 
1510 649 350 196 20 21 -1 -1 -1 -1 
1511 649 341 201 23 23 -1 -1 -1 -1 
1512 649 327 210 29 24 -1 -1 -1 -1 
1513 649 317 213 32 28 -1 -1 -1 -1 
1514 649 294 219 43 41 -1 -1 -1 -1 
1515 649 294 219 43 41 -1 -1 -1 -1 
1529 661 373 184 12 13 -1 -1 -1 -1 
1530 661 370 185 15 14 -1 -1 -1 -1 
1530 662 381 168 14 12 -1 -1 -1 -1 
1531 661 368 185 15 17 -1 -1 -1 -1 
1531 662 381 168 13 14 -1 -1 -1 -1 
1531 663 244 205 27 22 -1 -1 -1 -1 
1532 661 365 189 17 16 -1 -1 -1 -1 
1532 662 379 168 15 15 -1 -1 -1 -1 
1533 661 361 191 18 18 -1 -1 -1 -1 
1534 661 357 192 19 20 -1 -1 -1 -1 
1535 661 350 196 23 21 -1 -1 -1 -1 
1536 661 345 198 26 24 -1 -1 -1 -1 
1536 662 372 174 15 19 -1 -1 -1 -1 
1537 661 337 204 28 25 -1 -1 -1 -1 
1537 662 369 174 18 21 -1 -1 -1 -1 
1538 661 327 211 31 26 -1 -1 -1 -1 
1538 662 367 175 19 22 -1 -1 -1 -1 
1539 661 318 214 37 32 -1 -1 -1 -1 
1539 662 366 175 19 24 -1 -1 -1 -1 
1540 661 302 220 43 39 -1 -1 -1 -1 
1540 662 366 175 19 24 -1 -1 -1 -1 
1541 661 280 227 55 52 -1 -1 -1 -1 
1542 661 280 227 55 52 -1 -1 -1 -1 
1542 662 357 175 22 32 -1 -1 -1 -1 
1543 662 352 178 24 32 -1 -1 -1 -1 
1544 662 348 177 28 38 -1 -1 -1 -1 
1545 662 341 178 29 42 -1 -1 -1 -1 
1546 662 334 178 35 49 -1 -1 -1 -1 
1547 662 326 185 36 51 -1 -1 -1 -1 
1548 662 312 185 43 61 -1 -1 -1 -1 
1549 662 294 190 54 70 -1 -1 -1 -1 
1550 662 271 194 65 86 -1 -1 -1 -1 
1551 662 271 194 65 86 -1 -1 -1 -1 
1551 681 438 220 9 22 -1 -1 -1 -1 
1552 681 438 220 9 22 -1 -1 -1 -1 
1554 681 441 231 9 22 -1 -1 -1 -1 
1594 694 347 170 15 11 -1 -1 -1 -1 
1595 694 344 170 15 11 -1 -1 -1 -1 
1596 694 343 170 16 13 -1 -1 -1 -1 
1597 694 342 172 15 14 -1 -1 -1 -1 
1598 694 339 172 17 15 -1 -1 -1 -1 
1599 694 335 172 19 16 -1 -1 -1 -1 
1600 694 334 174 17 16 -1 -1 -1 -1 
1601 694 331 176 18 15 -1 -1 -1 -1 
1602 694 324 176 24 16 -1 -1 -1 -1 
1603 694 323 178 22 16 -1 -1 -1 -1 
1608 696 307 185 23 17 -1 -1 -1 -1 
1609 694 305 186 24 16 -1 -1 -1 -1 
1609 696 307 185 23 17 -1 -1 -1 -1 
1610 694 300 186 27 17 -1 -1 -1 -1 
1610 697 426 221 22 19 -1 -1 -1 -1 
1611 694 300 186 27 17 -1 -1 -1 -1 
1612 697 428 226 23 24 -1 -1 -1 -1 
1613 697 429 230 24 26 -1 -1 -1 -1 
1614 697 429 237 28 25 -1 -1 -1 -1 
1614 698 281 197 29 16 -1 -1 -1 -1 
1615 697 431 243 28 27 -1 -1 -1 -1 
1616 697 432 246 29 29 -1 -1 -1 -1 
1617 697 434 254 30 30 -1 -1 -1 -1 
1618 697 436 259 31 32 -1 -1 -1 -1 
1619 697 438 265 32 36 -1 -1 -1 -1 
1620 697 437 272 40 41 -1 -1 -1 -1 
1621 697 439 280 39 43 -1 -1 -1 -1 
1622 697 443 288 41 49 -1 -1 -1 -1 
1623 697 444 295 44 53 -1 -1 -1 -1 
1624 697 448 309 45 55 -1 -1 -1 -1 
1625 697 450 318 49 66 -1 -1 -1 -1 
1626 697 453 334 54 73 -1 -1 -1 -1 
