3 2 322 174 19 14 -1 -1 -1 -1 
4 2 320 175 18 16 -1 -1 -1 -1 
4 4 267 196 25 21 -1 -1 -1 -1 
5 2 315 177 17 15 -1 -1 -1 -1 
5 4 251 202 31 21 -1 -1 -1 -1 
6 2 315 177 17 15 -1 -1 -1 -1 
7 4 226 215 28 24 -1 -1 -1 -1 
8 2 302 185 17 16 -1 -1 -1 -1 
8 4 209 223 32 23 -1 -1 -1 -1 
9 2 294 187 20 17 -1 -1 -1 -1 
9 4 209 223 32 23 -1 -1 -1 -1 
10 2 288 190 20 15 -1 -1 -1 -1 
11 2 281 192 22 18 -1 -1 -1 -1 
12 2 269 196 26 19 -1 -1 -1 -1 
13 2 255 201 28 22 -1 -1 -1 -1 
14 2 243 206 31 22 -1 -1 -1 -1 
15 2 222 211 37 27 -1 -1 -1 -1 
16 2 212 217 36 26 -1 -1 -1 -1 
17 2 195 223 42 28 -1 -1 -1 -1 
18 2 179 227 45 33 -1 -1 -1 -1 
33 4 282 192 23 17 -1 -1 -1 -1 
33 12 322 175 13 9 -1 -1 -1 -1 
34 4 277 193 24 18 -1 -1 -1 -1 
34 12 322 175 13 9 -1 -1 -1 -1 
35 4 277 193 24 18 -1 -1 -1 -1 
35 12 316 177 13 11 -1 -1 -1 -1 
36 4 263 195 27 22 -1 -1 -1 -1 
36 12 314 177 12 12 -1 -1 -1 -1 
36 15 225 196 26 21 -1 -1 -1 -1 
37 4 256 200 26 21 -1 -1 -1 -1 
37 12 314 177 12 12 -1 -1 -1 -1 
38 4 256 200 26 21 -1 -1 -1 -1 
38 12 305 181 15 13 -1 -1 -1 -1 
38 15 201 204 31 23 -1 -1 -1 -1 
39 12 301 182 15 13 -1 -1 -1 -1 
39 15 190 208 33 23 -1 -1 -1 -1 
40 12 293 183 20 16 -1 -1 -1 -1 
40 15 175 211 37 25 -1 -1 -1 -1 
40 18 229 208 33 28 -1 -1 -1 -1 
41 12 286 186 23 14 -1 -1 -1 -1 
41 15 154 217 41 28 -1 -1 -1 -1 
41 18 216 213 35 27 -1 -1 -1 -1 
42 12 279 188 27 14 -1 -1 -1 -1 
42 15 138 227 45 27 -1 -1 -1 -1 
42 18 204 217 38 30 -1 -1 -1 -1 
43 12 276 190 22 17 -1 -1 -1 -1 
43 15 111 230 50 36 -1 -1 -1 -1 
43 18 185 224 43 30 -1 -1 -1 -1 
44 12 274 190 20 18 -1 -1 -1 -1 
44 15 90 239 52 37 -1 -1 -1 -1 
44 18 173 229 44 34 -1 -1 -1 -1 
45 12 267 193 23 18 -1 -1 -1 -1 
45 15 68 246 55 42 -1 -1 -1 -1 
45 18 156 235 48 35 -1 -1 -1 -1 
46 12 257 197 26 17 -1 -1 -1 -1 
46 15 28 260 63 47 -1 -1 -1 -1 
46 18 132 246 52 37 -1 -1 -1 -1 
47 12 252 200 26 18 -1 -1 -1 -1 
47 15 1 270 63 52 -1 -1 -1 -1 
47 18 109 253 60 42 -1 -1 -1 -1 
48 12 244 203 27 19 -1 -1 -1 -1 
48 15 0 284 33 46 -1 -1 -1 -1 
48 18 89 265 58 39 -1 -1 -1 -1 
49 12 234 208 28 20 -1 -1 -1 -1 
50 12 224 210 30 23 -1 -1 -1 -1 
51 12 214 215 31 24 -1 -1 -1 -1 
52 12 202 220 33 26 -1 -1 -1 -1 
53 12 189 224 37 27 -1 -1 -1 -1 
54 12 175 230 40 29 -1 -1 -1 -1 
55 12 158 236 43 32 -1 -1 -1 -1 
56 12 142 243 46 32 -1 -1 -1 -1 
57 12 131 248 46 32 -1 -1 -1 -1 
58 12 131 248 46 32 -1 -1 -1 -1 
82 23 320 181 16 12 -1 -1 -1 -1 
83 23 317 182 15 12 -1 -1 -1 -1 
84 23 309 185 21 13 -1 -1 -1 -1 
85 23 304 186 21 15 -1 -1 -1 -1 
86 23 299 190 22 15 -1 -1 -1 -1 
87 23 291 191 24 18 -1 -1 -1 -1 
87 24 347 169 15 13 -1 -1 -1 -1 
88 23 285 194 24 17 -1 -1 -1 -1 
89 23 276 198 26 17 -1 -1 -1 -1 
90 23 260 202 30 20 -1 -1 -1 -1 
91 23 253 208 31 20 -1 -1 -1 -1 
92 23 233 217 35 20 -1 -1 -1 -1 
140 27 360 190 19 16 -1 -1 -1 -1 
141 27 358 192 19 17 -1 -1 -1 -1 
142 27 353 194 21 18 -1 -1 -1 -1 
143 27 347 197 24 20 -1 -1 -1 -1 
144 27 343 197 24 23 -1 -1 -1 -1 
145 27 334 200 30 25 -1 -1 -1 -1 
167 38 250 193 26 19 -1 -1 -1 -1 
168 38 244 194 29 19 -1 -1 -1 -1 
168 39 293 186 17 13 -1 -1 -1 -1 
169 38 236 198 28 21 -1 -1 -1 -1 
169 39 287 189 17 11 -1 -1 -1 -1 
170 38 230 200 29 21 -1 -1 -1 -1 
170 39 281 189 20 13 -1 -1 -1 -1 
171 38 223 203 28 21 -1 -1 -1 -1 
171 39 278 190 18 15 -1 -1 -1 -1 
172 38 211 207 33 22 -1 -1 -1 -1 
172 39 270 191 21 16 -1 -1 -1 -1 
173 38 201 209 34 25 -1 -1 -1 -1 
173 39 263 193 23 18 -1 -1 -1 -1 
174 38 190 212 35 28 -1 -1 -1 -1 
174 39 256 197 24 16 -1 -1 -1 -1 
175 38 178 218 38 27 -1 -1 -1 -1 
175 39 249 197 26 19 -1 -1 -1 -1 
176 38 166 221 41 30 -1 -1 -1 -1 
176 39 242 200 26 20 -1 -1 -1 -1 
177 38 145 227 47 33 -1 -1 -1 -1 
177 39 232 204 28 20 -1 -1 -1 -1 
178 38 132 233 46 34 -1 -1 -1 -1 
178 39 223 206 31 21 -1 -1 -1 -1 
179 38 118 239 47 35 -1 -1 -1 -1 
179 39 214 209 32 22 -1 -1 -1 -1 
180 38 94 245 53 43 -1 -1 -1 -1 
180 39 202 213 34 23 -1 -1 -1 -1 
181 38 71 252 59 44 -1 -1 -1 -1 
181 39 190 216 36 25 -1 -1 -1 -1 
182 38 37 266 65 48 -1 -1 -1 -1 
182 39 169 224 44 26 -1 -1 -1 -1 
183 38 12 274 67 57 -1 -1 -1 -1 
183 39 157 227 43 29 -1 -1 -1 -1 
184 38 0 288 50 61 -1 -1 -1 -1 
184 39 139 235 47 31 -1 -1 -1 -1 
185 38 0 288 50 61 -1 -1 -1 -1 
186 39 107 245 51 38 -1 -1 -1 -1 
187 39 80 255 56 39 -1 -1 -1 -1 
188 39 54 266 58 41 -1 -1 -1 -1 
189 39 31 273 62 46 -1 -1 -1 -1 
190 39 4 281 70 54 -1 -1 -1 -1 
191 39 0 291 53 56 -1 -1 -1 -1 
